# GIMP curves tool settings

(time 0)
(time 0)
(channel value)
(curve
    (curve-type smooth)
    (n-points 17)
    (points 34 0.000000 0.000000 -1.000000 -1.000000 0.121569 0.121569 -1.000000 -1.000000 0.247059 0.247059 -1.000000 -1.000000 0.372549 0.372549 -1.000000 -1.000000 0.498039 0.498039 -1.000000 -1.000000 0.623529 0.623529 -1.000000 -1.000000 0.749020 0.749020 -1.000000 -1.000000 0.874510 0.874510 -1.000000 -1.000000 1.000000 1.000000)
    (n-samples 256)
    (samples 256 0.000000 0.003922 0.007843 0.011765 0.015686 0.019608 0.023530 0.027451 0.031373 0.035294 0.039216 0.043137 0.047059 0.050981 0.054902 0.058824 0.062745 0.066667 0.070589 0.074510 0.078432 0.082353 0.086275 0.090196 0.094118 0.098040 0.101961 0.105883 0.109804 0.113726 0.117647 0.121569 0.125491 0.129412 0.133334 0.137255 0.141177 0.145098 0.149020 0.152942 0.156863 0.160785 0.164706 0.168628 0.172549 0.176471 0.180392 0.184314 0.188236 0.192157 0.196079 0.200000 0.203922 0.207843 0.211765 0.215687 0.219608 0.223530 0.227451 0.231373 0.235294 0.239216 0.243137 0.247059 0.250981 0.254902 0.258824 0.262745 0.266667 0.270588 0.274510 0.278431 0.282353 0.286275 0.290196 0.294118 0.298039 0.301961 0.305882 0.309804 0.313726 0.317647 0.321569 0.325490 0.329412 0.333333 0.337255 0.341177 0.345098 0.349020 0.352941 0.356863 0.360784 0.364706 0.368627 0.372549 0.376471 0.380392 0.384314 0.388235 0.392157 0.396078 0.400000 0.403921 0.407843 0.411765 0.415686 0.419608 0.423529 0.427451 0.431372 0.435294 0.439216 0.443137 0.447059 0.450980 0.454902 0.458823 0.462745 0.466667 0.470588 0.474510 0.478431 0.482353 0.486274 0.490196 0.494117 0.498039 0.501961 0.505882 0.509804 0.513725 0.517647 0.521568 0.525490 0.529411 0.533333 0.537255 0.541176 0.545098 0.549019 0.552941 0.556862 0.560784 0.564705 0.568627 0.572549 0.576470 0.580392 0.584313 0.588235 0.592156 0.596078 0.600000 0.603921 0.607843 0.611764 0.615686 0.619607 0.623529 0.627451 0.631372 0.635294 0.639215 0.643137 0.647059 0.650980 0.654902 0.658823 0.662745 0.666666 0.670588 0.674510 0.678431 0.682353 0.686274 0.690196 0.694118 0.698039 0.701961 0.705883 0.709804 0.713726 0.717647 0.721569 0.725490 0.729412 0.733334 0.737255 0.741177 0.745098 0.749020 0.752942 0.756863 0.760785 0.764706 0.768628 0.772549 0.776471 0.780393 0.784314 0.788236 0.792157 0.796079 0.800000 0.803922 0.807844 0.811765 0.815687 0.819608 0.823530 0.827451 0.831373 0.835294 0.839216 0.843138 0.847059 0.850981 0.854902 0.858824 0.862745 0.866667 0.870588 0.874510 0.878432 0.882353 0.886275 0.890196 0.894118 0.898039 0.901961 0.905883 0.909804 0.913726 0.917647 0.921569 0.925490 0.929412 0.933333 0.937255 0.941177 0.945098 0.949020 0.952941 0.956863 0.960784 0.964706 0.968627 0.972549 0.976471 0.980392 0.984314 0.988235 0.992157 0.996078 1.000000))
(time 0)
(channel red)
(curve
    (curve-type smooth)
    (n-points 17)
    (points 34 0.000000 0.007843 -1.000000 -1.000000 0.121569 0.223529 -1.000000 -1.000000 0.247059 0.427451 -1.000000 -1.000000 0.372549 0.600000 -1.000000 -1.000000 0.498039 0.741176 -1.000000 -1.000000 0.623529 0.854902 -1.000000 -1.000000 0.749020 0.933333 -1.000000 -1.000000 0.874510 0.980392 -1.000000 -1.000000 1.000000 0.996078)
    (n-samples 256)
    (samples 256 0.007843 0.014949 0.022054 0.029157 0.036258 0.043355 0.050447 0.057533 0.064613 0.071686 0.078750 0.085805 0.092850 0.099884 0.106905 0.113914 0.120909 0.127889 0.134853 0.141800 0.148730 0.155641 0.162533 0.169404 0.176254 0.183082 0.189887 0.196667 0.203422 0.210152 0.216854 0.223529 0.230187 0.236838 0.243481 0.250115 0.256740 0.263353 0.269953 0.276540 0.283112 0.289668 0.296207 0.302728 0.309229 0.315709 0.322167 0.328602 0.335013 0.341398 0.347757 0.354088 0.360389 0.366661 0.372901 0.379108 0.385282 0.391420 0.397523 0.403588 0.409614 0.415601 0.421547 0.427451 0.433318 0.439154 0.444960 0.450735 0.456480 0.462194 0.467877 0.473529 0.479151 0.484743 0.490303 0.495833 0.501333 0.506802 0.512240 0.517647 0.523024 0.528370 0.533686 0.538971 0.544225 0.549449 0.554642 0.559804 0.564936 0.570037 0.575107 0.580147 0.585156 0.590135 0.595083 0.600000 0.604885 0.609735 0.614552 0.619336 0.624086 0.628804 0.633490 0.638143 0.642765 0.647356 0.651916 0.656445 0.660944 0.665414 0.669854 0.674264 0.678647 0.683000 0.687326 0.691624 0.695895 0.700139 0.704356 0.708547 0.712713 0.716852 0.720967 0.725057 0.729122 0.733164 0.737182 0.741176 0.745149 0.749102 0.753035 0.756947 0.760836 0.764703 0.768546 0.772365 0.776159 0.779927 0.783670 0.787385 0.791072 0.794731 0.798361 0.801961 0.805530 0.809067 0.812573 0.816046 0.819486 0.822891 0.826261 0.829596 0.832894 0.836155 0.839378 0.842563 0.845708 0.848814 0.851879 0.854902 0.857885 0.860831 0.863739 0.866609 0.869443 0.872240 0.875001 0.877727 0.880417 0.883071 0.885692 0.888277 0.890829 0.893347 0.895832 0.898284 0.900704 0.903091 0.905446 0.907770 0.910063 0.912325 0.914557 0.916758 0.918930 0.921073 0.923187 0.925272 0.927328 0.929357 0.931359 0.933333 0.935278 0.937193 0.939077 0.940931 0.942754 0.944546 0.946308 0.948039 0.949739 0.951409 0.953048 0.954657 0.956234 0.957782 0.959298 0.960784 0.962239 0.963664 0.965058 0.966421 0.967754 0.969056 0.970328 0.971568 0.972779 0.973958 0.975107 0.976225 0.977313 0.978370 0.979396 0.980392 0.981350 0.982263 0.983133 0.983961 0.984749 0.985499 0.986211 0.986887 0.987529 0.988137 0.988715 0.989261 0.989780 0.990271 0.990736 0.991176 0.991594 0.991990 0.992366 0.992723 0.993063 0.993388 0.993698 0.993995 0.994280 0.994556 0.994823 0.995082 0.995336 0.995586 0.995833 0.996078))
(time 0)
(channel green)
(curve
    (curve-type smooth)
    (n-points 17)
    (points 34 0.000000 0.007843 -1.000000 -1.000000 0.121569 0.180392 -1.000000 -1.000000 0.247059 0.356863 -1.000000 -1.000000 0.372549 0.513725 -1.000000 -1.000000 0.498039 0.647059 -1.000000 -1.000000 0.623529 0.764706 -1.000000 -1.000000 0.749020 0.862745 -1.000000 -1.000000 0.874510 0.937255 -1.000000 -1.000000 1.000000 0.996078)
    (n-samples 256)
    (samples 256 0.007843 0.013422 0.019001 0.024580 0.030159 0.035737 0.041315 0.046892 0.052469 0.058045 0.063621 0.069196 0.074769 0.080342 0.085914 0.091484 0.097054 0.102622 0.108188 0.113754 0.119317 0.124879 0.130440 0.135998 0.141555 0.147109 0.152662 0.158213 0.163761 0.169307 0.174851 0.180392 0.185940 0.191502 0.197077 0.202662 0.208258 0.213861 0.219470 0.225083 0.230699 0.236317 0.241934 0.247549 0.253160 0.258766 0.264364 0.269954 0.275534 0.281101 0.286655 0.292194 0.297715 0.303218 0.308701 0.314162 0.319599 0.325011 0.330397 0.335754 0.341080 0.346375 0.351637 0.356863 0.362064 0.367249 0.372417 0.377570 0.382706 0.387824 0.392925 0.398009 0.403074 0.408120 0.413148 0.418156 0.423145 0.428114 0.433062 0.437990 0.442897 0.447782 0.452645 0.457487 0.462306 0.467101 0.471874 0.476623 0.481349 0.486050 0.490726 0.495377 0.500003 0.504603 0.509177 0.513725 0.518244 0.522733 0.527193 0.531625 0.536029 0.540405 0.544756 0.549080 0.553380 0.557656 0.561908 0.566138 0.570345 0.574532 0.578697 0.582843 0.586970 0.591078 0.595168 0.599242 0.603299 0.607340 0.611367 0.615380 0.619379 0.623366 0.627340 0.631304 0.635257 0.639200 0.643133 0.647059 0.650975 0.654879 0.658770 0.662650 0.666516 0.670369 0.674208 0.678033 0.681844 0.685640 0.689422 0.693187 0.696937 0.700671 0.704388 0.708088 0.711772 0.715437 0.719085 0.722714 0.726324 0.729916 0.733488 0.737041 0.740573 0.744085 0.747576 0.751046 0.754494 0.757920 0.761324 0.764706 0.768068 0.771415 0.774746 0.778060 0.781357 0.784638 0.787901 0.791146 0.794373 0.797581 0.800771 0.803941 0.807091 0.810222 0.813332 0.816422 0.819490 0.822537 0.825562 0.828565 0.831546 0.834504 0.837438 0.840349 0.843236 0.846099 0.848937 0.851750 0.854538 0.857300 0.860036 0.862745 0.865426 0.868077 0.870699 0.873292 0.875857 0.878396 0.880908 0.883395 0.885856 0.888294 0.890708 0.893099 0.895468 0.897816 0.900144 0.902451 0.904739 0.907009 0.909261 0.911497 0.913716 0.915919 0.918108 0.920282 0.922443 0.924591 0.926728 0.928853 0.930967 0.933072 0.935168 0.937255 0.939327 0.941377 0.943405 0.945412 0.947399 0.949367 0.951316 0.953248 0.955162 0.957059 0.958941 0.960807 0.962659 0.964498 0.966324 0.968137 0.969939 0.971730 0.973511 0.975283 0.977046 0.978802 0.980550 0.982291 0.984027 0.985758 0.987485 0.989208 0.990928 0.992646 0.994362 0.996078))
(time 0)
(channel blue)
(curve
    (curve-type smooth)
    (n-points 17)
    (points 34 0.000000 0.007843 -1.000000 -1.000000 0.121569 0.180392 -1.000000 -1.000000 0.247059 0.356863 -1.000000 -1.000000 0.372549 0.513725 -1.000000 -1.000000 0.498039 0.647059 -1.000000 -1.000000 0.623529 0.764706 -1.000000 -1.000000 0.749020 0.862745 -1.000000 -1.000000 0.874510 0.937255 -1.000000 -1.000000 1.000000 0.996078)
    (n-samples 256)
    (samples 256 0.007843 0.013422 0.019001 0.024580 0.030159 0.035737 0.041315 0.046892 0.052469 0.058045 0.063621 0.069196 0.074769 0.080342 0.085914 0.091484 0.097054 0.102622 0.108188 0.113754 0.119317 0.124879 0.130440 0.135998 0.141555 0.147109 0.152662 0.158213 0.163761 0.169307 0.174851 0.180392 0.185940 0.191502 0.197077 0.202662 0.208258 0.213861 0.219470 0.225083 0.230699 0.236317 0.241934 0.247549 0.253160 0.258766 0.264364 0.269954 0.275534 0.281101 0.286655 0.292194 0.297715 0.303218 0.308701 0.314162 0.319599 0.325011 0.330397 0.335754 0.341080 0.346375 0.351637 0.356863 0.362064 0.367249 0.372417 0.377570 0.382706 0.387824 0.392925 0.398009 0.403074 0.408120 0.413148 0.418156 0.423145 0.428114 0.433062 0.437990 0.442897 0.447782 0.452645 0.457487 0.462306 0.467101 0.471874 0.476623 0.481349 0.486050 0.490726 0.495377 0.500003 0.504603 0.509177 0.513725 0.518244 0.522733 0.527193 0.531625 0.536029 0.540405 0.544756 0.549080 0.553380 0.557656 0.561908 0.566138 0.570345 0.574532 0.578697 0.582843 0.586970 0.591078 0.595168 0.599242 0.603299 0.607340 0.611367 0.615380 0.619379 0.623366 0.627340 0.631304 0.635257 0.639200 0.643133 0.647059 0.650975 0.654879 0.658770 0.662650 0.666516 0.670369 0.674208 0.678033 0.681844 0.685640 0.689422 0.693187 0.696937 0.700671 0.704388 0.708088 0.711772 0.715437 0.719085 0.722714 0.726324 0.729916 0.733488 0.737041 0.740573 0.744085 0.747576 0.751046 0.754494 0.757920 0.761324 0.764706 0.768068 0.771415 0.774746 0.778060 0.781357 0.784638 0.787901 0.791146 0.794373 0.797581 0.800771 0.803941 0.807091 0.810222 0.813332 0.816422 0.819490 0.822537 0.825562 0.828565 0.831546 0.834504 0.837438 0.840349 0.843236 0.846099 0.848937 0.851750 0.854538 0.857300 0.860036 0.862745 0.865426 0.868077 0.870699 0.873292 0.875857 0.878396 0.880908 0.883395 0.885856 0.888294 0.890708 0.893099 0.895468 0.897816 0.900144 0.902451 0.904739 0.907009 0.909261 0.911497 0.913716 0.915919 0.918108 0.920282 0.922443 0.924591 0.926728 0.928853 0.930967 0.933072 0.935168 0.937255 0.939327 0.941377 0.943405 0.945412 0.947399 0.949367 0.951316 0.953248 0.955162 0.957059 0.958941 0.960807 0.962659 0.964498 0.966324 0.968137 0.969939 0.971730 0.973511 0.975283 0.977046 0.978802 0.980550 0.982291 0.984027 0.985758 0.987485 0.989208 0.990928 0.992646 0.994362 0.996078))
(time 0)
(channel alpha)
(curve
    (curve-type free)
    (n-points 17)
    (points 34 -1.000000 -1.000000 -1.000000 -1.000000 -1.000000 -1.000000 -1.000000 -1.000000 -1.000000 -1.000000 -1.000000 -1.000000 -1.000000 -1.000000 -1.000000 -1.000000 -1.000000 -1.000000 -1.000000 -1.000000 -1.000000 -1.000000 -1.000000 -1.000000 -1.000000 -1.000000 -1.000000 -1.000000 -1.000000 -1.000000 -1.000000 -1.000000 -1.000000 -1.000000)
    (n-samples 256)
    (samples 256 0.000000 0.003922 0.007843 0.011765 0.015686 0.019608 0.023529 0.027451 0.031373 0.035294 0.039216 0.043137 0.047059 0.050980 0.054902 0.058824 0.062745 0.066667 0.070588 0.074510 0.078431 0.082353 0.086275 0.090196 0.094118 0.098039 0.101961 0.105882 0.109804 0.113725 0.117647 0.121569 0.125490 0.129412 0.133333 0.137255 0.141176 0.145098 0.149020 0.152941 0.156863 0.160784 0.164706 0.168627 0.172549 0.176471 0.180392 0.184314 0.188235 0.192157 0.196078 0.200000 0.203922 0.207843 0.211765 0.215686 0.219608 0.223529 0.227451 0.231373 0.235294 0.239216 0.243137 0.247059 0.250980 0.254902 0.258824 0.262745 0.266667 0.270588 0.274510 0.278431 0.282353 0.286275 0.290196 0.294118 0.298039 0.301961 0.305882 0.309804 0.313725 0.317647 0.321569 0.325490 0.329412 0.333333 0.337255 0.341176 0.345098 0.349020 0.352941 0.356863 0.360784 0.364706 0.368627 0.372549 0.376471 0.380392 0.384314 0.388235 0.392157 0.396078 0.400000 0.403922 0.407843 0.411765 0.415686 0.419608 0.423529 0.427451 0.431373 0.435294 0.439216 0.443137 0.447059 0.450980 0.454902 0.458824 0.462745 0.466667 0.470588 0.474510 0.478431 0.482353 0.486275 0.490196 0.494118 0.498039 0.501961 0.505882 0.509804 0.513725 0.517647 0.521569 0.525490 0.529412 0.533333 0.537255 0.541176 0.545098 0.549020 0.552941 0.556863 0.560784 0.564706 0.568627 0.572549 0.576471 0.580392 0.584314 0.588235 0.592157 0.596078 0.600000 0.603922 0.607843 0.611765 0.615686 0.619608 0.623529 0.627451 0.631373 0.635294 0.639216 0.643137 0.647059 0.650980 0.654902 0.658824 0.662745 0.666667 0.670588 0.674510 0.678431 0.682353 0.686275 0.690196 0.694118 0.698039 0.701961 0.705882 0.709804 0.713725 0.717647 0.721569 0.725490 0.729412 0.733333 0.737255 0.741176 0.745098 0.749020 0.752941 0.756863 0.760784 0.764706 0.768627 0.772549 0.776471 0.780392 0.784314 0.788235 0.792157 0.796078 0.800000 0.803922 0.807843 0.811765 0.815686 0.819608 0.823529 0.827451 0.831373 0.835294 0.839216 0.843137 0.847059 0.850980 0.854902 0.858824 0.862745 0.866667 0.870588 0.874510 0.878431 0.882353 0.886275 0.890196 0.894118 0.898039 0.901961 0.905882 0.909804 0.913725 0.917647 0.921569 0.925490 0.929412 0.933333 0.937255 0.941176 0.945098 0.949020 0.952941 0.956863 0.960784 0.964706 0.968627 0.972549 0.976471 0.980392 0.984314 0.988235 0.992157 0.996078 1.000000))

# end of curves tool settings
