# GIMP curves tool settings

(time 0)
(time 0)
(channel value)
(curve
    (curve-type smooth)
    (n-points 17)
    (points 34 0.000000 0.000000 -1.000000 -1.000000 0.121569 0.121569 -1.000000 -1.000000 0.247059 0.247059 -1.000000 -1.000000 0.372549 0.372549 -1.000000 -1.000000 0.498039 0.498039 -1.000000 -1.000000 0.623529 0.623529 -1.000000 -1.000000 0.749020 0.749020 -1.000000 -1.000000 0.874510 0.874510 -1.000000 -1.000000 1.000000 1.000000)
    (n-samples 256)
    (samples 256 0.000000 0.003922 0.007843 0.011765 0.015686 0.019608 0.023530 0.027451 0.031373 0.035294 0.039216 0.043137 0.047059 0.050981 0.054902 0.058824 0.062745 0.066667 0.070589 0.074510 0.078432 0.082353 0.086275 0.090196 0.094118 0.098040 0.101961 0.105883 0.109804 0.113726 0.117647 0.121569 0.125491 0.129412 0.133334 0.137255 0.141177 0.145098 0.149020 0.152942 0.156863 0.160785 0.164706 0.168628 0.172549 0.176471 0.180392 0.184314 0.188236 0.192157 0.196079 0.200000 0.203922 0.207843 0.211765 0.215687 0.219608 0.223530 0.227451 0.231373 0.235294 0.239216 0.243137 0.247059 0.250981 0.254902 0.258824 0.262745 0.266667 0.270588 0.274510 0.278431 0.282353 0.286275 0.290196 0.294118 0.298039 0.301961 0.305882 0.309804 0.313726 0.317647 0.321569 0.325490 0.329412 0.333333 0.337255 0.341177 0.345098 0.349020 0.352941 0.356863 0.360784 0.364706 0.368627 0.372549 0.376471 0.380392 0.384314 0.388235 0.392157 0.396078 0.400000 0.403921 0.407843 0.411765 0.415686 0.419608 0.423529 0.427451 0.431372 0.435294 0.439216 0.443137 0.447059 0.450980 0.454902 0.458823 0.462745 0.466667 0.470588 0.474510 0.478431 0.482353 0.486274 0.490196 0.494117 0.498039 0.501961 0.505882 0.509804 0.513725 0.517647 0.521568 0.525490 0.529411 0.533333 0.537255 0.541176 0.545098 0.549019 0.552941 0.556862 0.560784 0.564705 0.568627 0.572549 0.576470 0.580392 0.584313 0.588235 0.592156 0.596078 0.600000 0.603921 0.607843 0.611764 0.615686 0.619607 0.623529 0.627451 0.631372 0.635294 0.639215 0.643137 0.647059 0.650980 0.654902 0.658823 0.662745 0.666666 0.670588 0.674510 0.678431 0.682353 0.686274 0.690196 0.694118 0.698039 0.701961 0.705883 0.709804 0.713726 0.717647 0.721569 0.725490 0.729412 0.733334 0.737255 0.741177 0.745098 0.749020 0.752942 0.756863 0.760785 0.764706 0.768628 0.772549 0.776471 0.780393 0.784314 0.788236 0.792157 0.796079 0.800000 0.803922 0.807844 0.811765 0.815687 0.819608 0.823530 0.827451 0.831373 0.835294 0.839216 0.843138 0.847059 0.850981 0.854902 0.858824 0.862745 0.866667 0.870588 0.874510 0.878432 0.882353 0.886275 0.890196 0.894118 0.898039 0.901961 0.905883 0.909804 0.913726 0.917647 0.921569 0.925490 0.929412 0.933333 0.937255 0.941177 0.945098 0.949020 0.952941 0.956863 0.960784 0.964706 0.968627 0.972549 0.976471 0.980392 0.984314 0.988235 0.992157 0.996078 1.000000))
(time 0)
(channel red)
(curve
    (curve-type smooth)
    (n-points 17)
    (points 34 0.000000 0.003922 -1.000000 -1.000000 0.121569 0.132068 -1.000000 -1.000000 0.247059 0.270845 -1.000000 -1.000000 0.372549 0.400251 -1.000000 -1.000000 0.498039 0.526639 -1.000000 -1.000000 0.623529 0.644370 -1.000000 -1.000000 0.749020 0.777614 -1.000000 -1.000000 0.874510 0.890458 -1.000000 -1.000000 1.000000 0.998224)
    (n-samples 256)
    (samples 256 0.003922 0.008004 0.012087 0.016170 0.020254 0.024340 0.028427 0.032516 0.036607 0.040701 0.044797 0.048897 0.053001 0.057108 0.061220 0.065336 0.069457 0.073583 0.077714 0.081851 0.085995 0.090145 0.094301 0.098465 0.102636 0.106815 0.111002 0.115197 0.119401 0.123614 0.127836 0.132068 0.136315 0.140583 0.144870 0.149173 0.153493 0.157827 0.162174 0.166532 0.170901 0.175278 0.179663 0.184053 0.188447 0.192845 0.197244 0.201643 0.206040 0.210434 0.214825 0.219209 0.223586 0.227955 0.232313 0.236660 0.240994 0.245313 0.249616 0.253903 0.258170 0.262417 0.266643 0.270845 0.275028 0.279196 0.283350 0.287490 0.291617 0.295732 0.299835 0.303926 0.308007 0.312078 0.316139 0.320191 0.324235 0.328271 0.332300 0.336322 0.340339 0.344349 0.348355 0.352357 0.356354 0.360349 0.364341 0.368331 0.372320 0.376308 0.380296 0.384284 0.388273 0.392263 0.396256 0.400251 0.404249 0.408249 0.412251 0.416253 0.420256 0.424259 0.428262 0.432263 0.436263 0.440261 0.444256 0.448248 0.452236 0.456221 0.460200 0.464175 0.468143 0.472106 0.476062 0.480010 0.483951 0.487883 0.491807 0.495721 0.499626 0.503520 0.507403 0.511275 0.515135 0.518983 0.522818 0.526639 0.530438 0.534207 0.537948 0.541664 0.545356 0.549028 0.552681 0.556317 0.559939 0.563549 0.567148 0.570740 0.574327 0.577910 0.581493 0.585076 0.588663 0.592255 0.595855 0.599465 0.603087 0.606724 0.610377 0.614049 0.617743 0.621459 0.625201 0.628970 0.632770 0.636602 0.640468 0.644370 0.648316 0.652309 0.656346 0.660423 0.664537 0.668685 0.672863 0.677068 0.681298 0.685548 0.689815 0.694097 0.698389 0.702689 0.706993 0.711297 0.715600 0.719897 0.724184 0.728460 0.732720 0.736961 0.741180 0.745374 0.749539 0.753672 0.757769 0.761829 0.765846 0.769818 0.773742 0.777614 0.781442 0.785236 0.788999 0.792730 0.796433 0.800107 0.803755 0.807378 0.810978 0.814555 0.818111 0.821648 0.825167 0.828669 0.832155 0.835628 0.839089 0.842538 0.845978 0.849410 0.852835 0.856254 0.859669 0.863082 0.866494 0.869905 0.873319 0.876735 0.880156 0.883582 0.887016 0.890458 0.893901 0.897337 0.900767 0.904189 0.907605 0.911015 0.914418 0.917816 0.921208 0.924595 0.927977 0.931354 0.934726 0.938094 0.941457 0.944817 0.948173 0.951525 0.954875 0.958221 0.961564 0.964905 0.968244 0.971580 0.974915 0.978248 0.981579 0.984909 0.988239 0.991568 0.994896 0.998224))
(time 0)
(channel green)
(curve
    (curve-type smooth)
    (n-points 17)
    (points 34 0.000000 0.247059 -1.000000 -1.000000 0.121569 0.258731 -1.000000 -1.000000 0.247059 0.288818 -1.000000 -1.000000 0.372549 0.362942 -1.000000 -1.000000 0.498039 0.494041 -1.000000 -1.000000 0.623529 0.613636 -1.000000 -1.000000 0.749020 0.736961 -1.000000 -1.000000 0.874510 0.860510 -1.000000 -1.000000 1.000000 0.905882)
    (n-samples 256)
    (samples 256 0.247059 0.247293 0.247527 0.247763 0.248002 0.248244 0.248491 0.248744 0.249002 0.249268 0.249542 0.249824 0.250117 0.250420 0.250735 0.251062 0.251403 0.251758 0.252128 0.252515 0.252918 0.253339 0.253779 0.254239 0.254719 0.255221 0.255745 0.256292 0.256863 0.257460 0.258082 0.258731 0.259390 0.260043 0.260693 0.261341 0.261991 0.262645 0.263304 0.263972 0.264651 0.265344 0.266052 0.266778 0.267525 0.268295 0.269090 0.269913 0.270766 0.271651 0.272572 0.273530 0.274528 0.275568 0.276652 0.277784 0.278965 0.280198 0.281485 0.282829 0.284231 0.285696 0.287224 0.288818 0.290462 0.292137 0.293845 0.295587 0.297364 0.299177 0.301028 0.302917 0.304847 0.306817 0.308829 0.310885 0.312986 0.315132 0.317325 0.319567 0.321857 0.324199 0.326592 0.329037 0.331537 0.334092 0.336704 0.339373 0.342101 0.344889 0.347738 0.350649 0.353624 0.356664 0.359769 0.362942 0.366209 0.369592 0.373085 0.376682 0.380376 0.384161 0.388031 0.391980 0.396002 0.400089 0.404236 0.408437 0.412685 0.416974 0.421297 0.425650 0.430024 0.434414 0.438814 0.443218 0.447618 0.452010 0.456386 0.460740 0.465066 0.469358 0.473610 0.477815 0.481966 0.486059 0.490086 0.494041 0.497945 0.501825 0.505681 0.509515 0.513329 0.517124 0.520901 0.524661 0.528407 0.532139 0.535859 0.539568 0.543268 0.546959 0.550644 0.554324 0.558001 0.561674 0.565347 0.569020 0.572695 0.576373 0.580056 0.583745 0.587441 0.591145 0.594860 0.598587 0.602326 0.606080 0.609849 0.613636 0.617435 0.621241 0.625053 0.628872 0.632696 0.636525 0.640360 0.644200 0.648044 0.651892 0.655744 0.659600 0.663459 0.667320 0.671185 0.675051 0.678920 0.682790 0.686661 0.690534 0.694407 0.698280 0.702154 0.706027 0.709899 0.713770 0.717641 0.721509 0.725376 0.729240 0.733102 0.736961 0.740856 0.744820 0.748846 0.752928 0.757058 0.761229 0.765434 0.769665 0.773915 0.778178 0.782446 0.786711 0.790967 0.795207 0.799423 0.803608 0.807754 0.811856 0.815905 0.819895 0.823818 0.827667 0.831435 0.835114 0.838698 0.842180 0.845551 0.848806 0.851936 0.854935 0.857795 0.860510 0.863093 0.865565 0.867929 0.870190 0.872350 0.874414 0.876385 0.878266 0.880061 0.881774 0.883409 0.884968 0.886456 0.887875 0.889231 0.890525 0.891762 0.892946 0.894079 0.895166 0.896210 0.897214 0.898183 0.899120 0.900028 0.900910 0.901772 0.902615 0.903445 0.904263 0.905074 0.905882))
(time 0)
(channel blue)
(curve
    (curve-type smooth)
    (n-points 17)
    (points 34 0.000000 0.766094 -1.000000 -1.000000 0.121569 0.762986 -1.000000 -1.000000 0.247059 0.708980 -1.000000 -1.000000 0.372549 0.587155 -1.000000 -1.000000 0.498039 0.507613 -1.000000 -1.000000 0.623529 0.478932 -1.000000 -1.000000 0.749020 0.458030 -1.000000 -1.000000 0.874510 0.434199 -1.000000 -1.000000 1.000000 0.454517)
    (n-samples 256)
    (samples 256 0.766094 0.766396 0.766696 0.766991 0.767279 0.767556 0.767821 0.768070 0.768302 0.768514 0.768703 0.768868 0.769004 0.769110 0.769183 0.769222 0.769222 0.769182 0.769100 0.768972 0.768796 0.768570 0.768291 0.767956 0.767564 0.767111 0.766596 0.766015 0.765366 0.764646 0.763854 0.762986 0.762063 0.761108 0.760118 0.759091 0.758027 0.756922 0.755777 0.754589 0.753356 0.752078 0.750751 0.749376 0.747949 0.746469 0.744936 0.743346 0.741699 0.739993 0.738226 0.736396 0.734503 0.732544 0.730517 0.728422 0.726256 0.724017 0.721705 0.719318 0.716853 0.714310 0.711686 0.708980 0.706147 0.703151 0.700001 0.696708 0.693281 0.689731 0.686068 0.682301 0.678442 0.674499 0.670483 0.666405 0.662273 0.658099 0.653893 0.649664 0.645422 0.641178 0.636941 0.632723 0.628532 0.624379 0.620274 0.616228 0.612249 0.608349 0.604537 0.600823 0.597218 0.593732 0.590374 0.587155 0.584025 0.580929 0.577868 0.574841 0.571851 0.568898 0.565982 0.563104 0.560266 0.557468 0.554711 0.551995 0.549321 0.546691 0.544104 0.541563 0.539066 0.536616 0.534213 0.531858 0.529551 0.527294 0.525087 0.522931 0.520827 0.518775 0.516777 0.514833 0.512944 0.511110 0.509333 0.507613 0.505967 0.504409 0.502935 0.501541 0.500223 0.498976 0.497798 0.496684 0.495630 0.494633 0.493688 0.492791 0.491938 0.491126 0.490350 0.489608 0.488893 0.488204 0.487535 0.486883 0.486243 0.485613 0.484988 0.484363 0.483736 0.483102 0.482457 0.481797 0.481119 0.480418 0.479690 0.478932 0.478166 0.477417 0.476685 0.475967 0.475264 0.474573 0.473895 0.473228 0.472571 0.471924 0.471285 0.470653 0.470027 0.469407 0.468791 0.468178 0.467568 0.466959 0.466350 0.465741 0.465130 0.464517 0.463900 0.463279 0.462652 0.462019 0.461379 0.460730 0.460071 0.459403 0.458722 0.458030 0.457307 0.456540 0.455733 0.454889 0.454015 0.453112 0.452187 0.451243 0.450285 0.449317 0.448343 0.447368 0.446395 0.445430 0.444476 0.443538 0.442620 0.441727 0.440862 0.440031 0.439237 0.438484 0.437777 0.437121 0.436520 0.435977 0.435497 0.435085 0.434745 0.434481 0.434298 0.434199 0.434176 0.434216 0.434316 0.434475 0.434691 0.434961 0.435284 0.435657 0.436079 0.436547 0.437060 0.437615 0.438210 0.438844 0.439514 0.440219 0.440956 0.441723 0.442519 0.443341 0.444187 0.445055 0.445944 0.446851 0.447774 0.448711 0.449660 0.450619 0.451587 0.452560 0.453537 0.454517))
(time 0)
(channel alpha)
(curve
    (curve-type free)
    (n-points 17)
    (points 34 -1.000000 -1.000000 -1.000000 -1.000000 -1.000000 -1.000000 -1.000000 -1.000000 -1.000000 -1.000000 -1.000000 -1.000000 -1.000000 -1.000000 -1.000000 -1.000000 -1.000000 -1.000000 -1.000000 -1.000000 -1.000000 -1.000000 -1.000000 -1.000000 -1.000000 -1.000000 -1.000000 -1.000000 -1.000000 -1.000000 -1.000000 -1.000000 -1.000000 -1.000000)
    (n-samples 256)
    (samples 256 0.000000 0.003922 0.007843 0.011765 0.015686 0.019608 0.023529 0.027451 0.031373 0.035294 0.039216 0.043137 0.047059 0.050980 0.054902 0.058824 0.062745 0.066667 0.070588 0.074510 0.078431 0.082353 0.086275 0.090196 0.094118 0.098039 0.101961 0.105882 0.109804 0.113725 0.117647 0.121569 0.125490 0.129412 0.133333 0.137255 0.141176 0.145098 0.149020 0.152941 0.156863 0.160784 0.164706 0.168627 0.172549 0.176471 0.180392 0.184314 0.188235 0.192157 0.196078 0.200000 0.203922 0.207843 0.211765 0.215686 0.219608 0.223529 0.227451 0.231373 0.235294 0.239216 0.243137 0.247059 0.250980 0.254902 0.258824 0.262745 0.266667 0.270588 0.274510 0.278431 0.282353 0.286275 0.290196 0.294118 0.298039 0.301961 0.305882 0.309804 0.313725 0.317647 0.321569 0.325490 0.329412 0.333333 0.337255 0.341176 0.345098 0.349020 0.352941 0.356863 0.360784 0.364706 0.368627 0.372549 0.376471 0.380392 0.384314 0.388235 0.392157 0.396078 0.400000 0.403922 0.407843 0.411765 0.415686 0.419608 0.423529 0.427451 0.431373 0.435294 0.439216 0.443137 0.447059 0.450980 0.454902 0.458824 0.462745 0.466667 0.470588 0.474510 0.478431 0.482353 0.486275 0.490196 0.494118 0.498039 0.501961 0.505882 0.509804 0.513725 0.517647 0.521569 0.525490 0.529412 0.533333 0.537255 0.541176 0.545098 0.549020 0.552941 0.556863 0.560784 0.564706 0.568627 0.572549 0.576471 0.580392 0.584314 0.588235 0.592157 0.596078 0.600000 0.603922 0.607843 0.611765 0.615686 0.619608 0.623529 0.627451 0.631373 0.635294 0.639216 0.643137 0.647059 0.650980 0.654902 0.658824 0.662745 0.666667 0.670588 0.674510 0.678431 0.682353 0.686275 0.690196 0.694118 0.698039 0.701961 0.705882 0.709804 0.713725 0.717647 0.721569 0.725490 0.729412 0.733333 0.737255 0.741176 0.745098 0.749020 0.752941 0.756863 0.760784 0.764706 0.768627 0.772549 0.776471 0.780392 0.784314 0.788235 0.792157 0.796078 0.800000 0.803922 0.807843 0.811765 0.815686 0.819608 0.823529 0.827451 0.831373 0.835294 0.839216 0.843137 0.847059 0.850980 0.854902 0.858824 0.862745 0.866667 0.870588 0.874510 0.878431 0.882353 0.886275 0.890196 0.894118 0.898039 0.901961 0.905882 0.909804 0.913725 0.917647 0.921569 0.925490 0.929412 0.933333 0.937255 0.941176 0.945098 0.949020 0.952941 0.956863 0.960784 0.964706 0.968627 0.972549 0.976471 0.980392 0.984314 0.988235 0.992157 0.996078 1.000000))

# end of curves tool settings
