# GIMP curves tool settings

(time 0)
(time 0)
(channel value)
(curve
    (curve-type smooth)
    (n-points 17)
    (points 34 0.000000 0.000000 -1.000000 -1.000000 0.121569 0.121569 -1.000000 -1.000000 0.247059 0.247059 -1.000000 -1.000000 0.372549 0.372549 -1.000000 -1.000000 0.498039 0.498039 -1.000000 -1.000000 0.623529 0.623529 -1.000000 -1.000000 0.749020 0.749020 -1.000000 -1.000000 0.874510 0.874510 -1.000000 -1.000000 1.000000 1.000000)
    (n-samples 256)
    (samples 256 0.000000 0.003922 0.007843 0.011765 0.015686 0.019608 0.023530 0.027451 0.031373 0.035294 0.039216 0.043137 0.047059 0.050981 0.054902 0.058824 0.062745 0.066667 0.070589 0.074510 0.078432 0.082353 0.086275 0.090196 0.094118 0.098040 0.101961 0.105883 0.109804 0.113726 0.117647 0.121569 0.125491 0.129412 0.133334 0.137255 0.141177 0.145098 0.149020 0.152942 0.156863 0.160785 0.164706 0.168628 0.172549 0.176471 0.180392 0.184314 0.188236 0.192157 0.196079 0.200000 0.203922 0.207843 0.211765 0.215687 0.219608 0.223530 0.227451 0.231373 0.235294 0.239216 0.243137 0.247059 0.250981 0.254902 0.258824 0.262745 0.266667 0.270588 0.274510 0.278431 0.282353 0.286275 0.290196 0.294118 0.298039 0.301961 0.305882 0.309804 0.313726 0.317647 0.321569 0.325490 0.329412 0.333333 0.337255 0.341177 0.345098 0.349020 0.352941 0.356863 0.360784 0.364706 0.368627 0.372549 0.376471 0.380392 0.384314 0.388235 0.392157 0.396078 0.400000 0.403921 0.407843 0.411765 0.415686 0.419608 0.423529 0.427451 0.431372 0.435294 0.439216 0.443137 0.447059 0.450980 0.454902 0.458823 0.462745 0.466667 0.470588 0.474510 0.478431 0.482353 0.486274 0.490196 0.494117 0.498039 0.501961 0.505882 0.509804 0.513725 0.517647 0.521568 0.525490 0.529411 0.533333 0.537255 0.541176 0.545098 0.549019 0.552941 0.556862 0.560784 0.564705 0.568627 0.572549 0.576470 0.580392 0.584313 0.588235 0.592156 0.596078 0.600000 0.603921 0.607843 0.611764 0.615686 0.619607 0.623529 0.627451 0.631372 0.635294 0.639215 0.643137 0.647059 0.650980 0.654902 0.658823 0.662745 0.666666 0.670588 0.674510 0.678431 0.682353 0.686274 0.690196 0.694118 0.698039 0.701961 0.705883 0.709804 0.713726 0.717647 0.721569 0.725490 0.729412 0.733334 0.737255 0.741177 0.745098 0.749020 0.752942 0.756863 0.760785 0.764706 0.768628 0.772549 0.776471 0.780393 0.784314 0.788236 0.792157 0.796079 0.800000 0.803922 0.807844 0.811765 0.815687 0.819608 0.823530 0.827451 0.831373 0.835294 0.839216 0.843138 0.847059 0.850981 0.854902 0.858824 0.862745 0.866667 0.870588 0.874510 0.878432 0.882353 0.886275 0.890196 0.894118 0.898039 0.901961 0.905883 0.909804 0.913726 0.917647 0.921569 0.925490 0.929412 0.933333 0.937255 0.941177 0.945098 0.949020 0.952941 0.956863 0.960784 0.964706 0.968627 0.972549 0.976471 0.980392 0.984314 0.988235 0.992157 0.996078 1.000000))
(time 0)
(channel red)
(curve
    (curve-type smooth)
    (n-points 17)
    (points 34 0.000000 0.003922 -1.000000 -1.000000 0.121569 0.041976 -1.000000 -1.000000 0.247059 0.156522 -1.000000 -1.000000 0.372549 0.317488 -1.000000 -1.000000 0.498039 0.499707 -1.000000 -1.000000 0.623529 0.684590 -1.000000 -1.000000 0.749020 0.845234 -1.000000 -1.000000 0.874510 0.957891 -1.000000 -1.000000 1.000000 1.000000)
    (n-samples 256)
    (samples 256 0.003922 0.004553 0.005187 0.005829 0.006483 0.007151 0.007838 0.008547 0.009282 0.010047 0.010846 0.011682 0.012559 0.013480 0.014451 0.015473 0.016551 0.017689 0.018891 0.020159 0.021499 0.022913 0.024405 0.025980 0.027640 0.029389 0.031232 0.033172 0.035213 0.037358 0.039611 0.041976 0.044447 0.047016 0.049678 0.052433 0.055276 0.058206 0.061221 0.064316 0.067492 0.070743 0.074069 0.077466 0.080932 0.084464 0.088061 0.091718 0.095435 0.099208 0.103034 0.106912 0.110839 0.114812 0.118828 0.122886 0.126982 0.131114 0.135279 0.139476 0.143701 0.147952 0.152227 0.156522 0.160861 0.165268 0.169741 0.174276 0.178872 0.183527 0.188237 0.193001 0.197817 0.202682 0.207594 0.212550 0.217549 0.222588 0.227664 0.232775 0.237920 0.243095 0.248299 0.253529 0.258783 0.264058 0.269353 0.274664 0.279990 0.285329 0.290677 0.296033 0.301394 0.306759 0.312124 0.317488 0.322869 0.328288 0.333742 0.339230 0.344750 0.350301 0.355880 0.361486 0.367117 0.372772 0.378449 0.384146 0.389862 0.395594 0.401342 0.407103 0.412875 0.418658 0.424448 0.430246 0.436048 0.441853 0.447660 0.453467 0.459271 0.465073 0.470868 0.476657 0.482437 0.488206 0.493964 0.499707 0.505457 0.511233 0.517034 0.522856 0.528696 0.534554 0.540425 0.546309 0.552201 0.558100 0.564003 0.569908 0.575813 0.581714 0.587609 0.593497 0.599374 0.605238 0.611086 0.616917 0.622727 0.628515 0.634277 0.640011 0.645715 0.651387 0.657023 0.662621 0.668180 0.673696 0.679167 0.684590 0.689988 0.695384 0.700775 0.706158 0.711533 0.716896 0.722246 0.727580 0.732896 0.738192 0.743466 0.748716 0.753939 0.759133 0.764296 0.769426 0.774521 0.779578 0.784596 0.789572 0.794504 0.799390 0.804228 0.809015 0.813750 0.818429 0.823052 0.827615 0.832118 0.836556 0.840929 0.845234 0.849492 0.853722 0.857924 0.862095 0.866232 0.870335 0.874400 0.878426 0.882410 0.886352 0.890247 0.894095 0.897894 0.901641 0.905334 0.908971 0.912550 0.916070 0.919527 0.922921 0.926248 0.929507 0.932695 0.935812 0.938854 0.941819 0.944706 0.947513 0.950236 0.952875 0.955428 0.957891 0.960258 0.962525 0.964695 0.966772 0.968758 0.970656 0.972471 0.974205 0.975862 0.977444 0.978956 0.980399 0.981778 0.983095 0.984355 0.985559 0.986712 0.987817 0.988876 0.989893 0.990871 0.991814 0.992725 0.993606 0.994462 0.995295 0.996109 0.996907 0.997691 0.998466 0.999235 1.000000))
(time 0)
(channel green)
(curve
    (curve-type smooth)
    (n-points 17)
    (points 34 0.000000 0.005882 -1.000000 -1.000000 0.121569 0.041838 -1.000000 -1.000000 0.247059 0.156351 -1.000000 -1.000000 0.372549 0.317066 -1.000000 -1.000000 0.498039 0.499800 -1.000000 -1.000000 0.623529 0.684389 -1.000000 -1.000000 0.749020 0.843945 -1.000000 -1.000000 0.874510 0.958236 -1.000000 -1.000000 1.000000 1.000000)
    (n-samples 256)
    (samples 256 0.005882 0.006428 0.006978 0.007536 0.008105 0.008690 0.009294 0.009920 0.010574 0.011258 0.011977 0.012734 0.013534 0.014379 0.015274 0.016223 0.017230 0.018298 0.019431 0.020633 0.021908 0.023259 0.024691 0.026208 0.027813 0.029510 0.031302 0.033195 0.035191 0.037294 0.039508 0.041838 0.044278 0.046818 0.049457 0.052192 0.055018 0.057935 0.060939 0.064028 0.067198 0.070447 0.073772 0.077171 0.080641 0.084178 0.087781 0.091446 0.095171 0.098953 0.102790 0.106677 0.110614 0.114597 0.118623 0.122689 0.126793 0.130933 0.135104 0.139305 0.143533 0.147785 0.152059 0.156351 0.160685 0.165086 0.169552 0.174079 0.178666 0.183311 0.188012 0.192765 0.197570 0.202423 0.207323 0.212268 0.217254 0.222281 0.227345 0.232445 0.237578 0.242742 0.247935 0.253155 0.258399 0.263665 0.268952 0.274256 0.279576 0.284909 0.290254 0.295607 0.300967 0.306332 0.311699 0.317066 0.322453 0.327879 0.333342 0.338841 0.344374 0.349939 0.355534 0.361158 0.366808 0.372482 0.378179 0.383897 0.389634 0.395388 0.401158 0.406941 0.412736 0.418540 0.424353 0.430171 0.435994 0.441819 0.447645 0.453470 0.459292 0.465108 0.470918 0.476719 0.482510 0.488288 0.494052 0.499800 0.505553 0.511332 0.517134 0.522956 0.528797 0.534653 0.540523 0.546404 0.552293 0.558187 0.564086 0.569985 0.575883 0.581777 0.587664 0.593543 0.599410 0.605264 0.611101 0.616920 0.622718 0.628491 0.634239 0.639958 0.645647 0.651301 0.656920 0.662501 0.668040 0.673536 0.678987 0.684389 0.689764 0.695132 0.700491 0.705841 0.711178 0.716502 0.721809 0.727099 0.732369 0.737619 0.742844 0.748045 0.753219 0.758364 0.763479 0.768561 0.773608 0.778620 0.783593 0.788527 0.793419 0.798267 0.803070 0.807825 0.812532 0.817187 0.821790 0.826338 0.830829 0.835262 0.839634 0.843945 0.848215 0.852464 0.856691 0.860893 0.865068 0.869212 0.873324 0.877400 0.881439 0.885439 0.889395 0.893307 0.897171 0.900985 0.904746 0.908452 0.912101 0.915690 0.919217 0.922678 0.926072 0.929396 0.932647 0.935824 0.938923 0.941942 0.944878 0.947730 0.950494 0.953168 0.955749 0.958236 0.960622 0.962905 0.965088 0.967175 0.969169 0.971073 0.972891 0.974626 0.976282 0.977861 0.979367 0.980803 0.982173 0.983480 0.984727 0.985917 0.987055 0.988143 0.989184 0.990182 0.991140 0.992062 0.992950 0.993809 0.994641 0.995449 0.996238 0.997011 0.997770 0.998519 0.999261 1.000000))
(time 0)
(channel blue)
(curve
    (curve-type smooth)
    (n-points 17)
    (points 34 0.000000 0.005064 -1.000000 -1.000000 0.121569 0.043674 -1.000000 -1.000000 0.247059 0.157355 -1.000000 -1.000000 0.372549 0.318250 -1.000000 -1.000000 0.498039 0.499405 -1.000000 -1.000000 0.623529 0.683918 -1.000000 -1.000000 0.749020 0.844833 -1.000000 -1.000000 0.874510 0.957540 -1.000000 -1.000000 1.000000 1.000000)
    (n-samples 256)
    (samples 256 0.005064 0.005724 0.006388 0.007059 0.007741 0.008438 0.009153 0.009890 0.010653 0.011445 0.012269 0.013131 0.014032 0.014978 0.015971 0.017015 0.018114 0.019272 0.020492 0.021778 0.023133 0.024561 0.026067 0.027652 0.029322 0.031080 0.032929 0.034873 0.036916 0.039061 0.041313 0.043674 0.046139 0.048697 0.051347 0.054085 0.056909 0.059818 0.062809 0.065879 0.069027 0.072249 0.075543 0.078908 0.082341 0.085839 0.089401 0.093023 0.096704 0.100441 0.104231 0.108074 0.111965 0.115904 0.119887 0.123912 0.127977 0.132080 0.136218 0.140389 0.144590 0.148820 0.153076 0.157355 0.161681 0.166077 0.170541 0.175069 0.179660 0.184311 0.189020 0.193784 0.198601 0.203468 0.208382 0.213342 0.218345 0.223388 0.228469 0.233585 0.238735 0.243914 0.249122 0.254356 0.259612 0.264889 0.270184 0.275495 0.280819 0.286154 0.291497 0.296846 0.302198 0.307551 0.312903 0.318250 0.323612 0.329010 0.334440 0.339902 0.345394 0.350915 0.356462 0.362036 0.367633 0.373252 0.378892 0.384552 0.390229 0.395922 0.401630 0.407351 0.413084 0.418827 0.424578 0.430336 0.436099 0.441866 0.447635 0.453405 0.459174 0.464941 0.470704 0.476461 0.482212 0.487953 0.493685 0.499405 0.505133 0.510888 0.516668 0.522470 0.528291 0.534130 0.539984 0.545850 0.551726 0.557609 0.563498 0.569388 0.575279 0.581167 0.587051 0.592927 0.598792 0.604646 0.610485 0.616306 0.622108 0.627888 0.633643 0.639370 0.645068 0.650734 0.656366 0.661960 0.667515 0.673028 0.678496 0.683918 0.689315 0.694712 0.700104 0.705491 0.710870 0.716239 0.721595 0.726936 0.732260 0.737565 0.742848 0.748108 0.753342 0.758547 0.763721 0.768863 0.773970 0.779040 0.784070 0.789058 0.794002 0.798900 0.803749 0.808547 0.813292 0.817982 0.822614 0.827187 0.831697 0.836143 0.840522 0.844833 0.849095 0.853330 0.857535 0.861708 0.865848 0.869952 0.874019 0.878046 0.882031 0.885972 0.889868 0.893716 0.897514 0.901261 0.904953 0.908590 0.912169 0.915688 0.919145 0.922538 0.925866 0.929125 0.932315 0.935432 0.938476 0.941444 0.944333 0.947143 0.949870 0.952513 0.955071 0.957540 0.959914 0.962187 0.964365 0.966449 0.968443 0.970350 0.972174 0.973917 0.975584 0.977176 0.978697 0.980151 0.981541 0.982869 0.984140 0.985356 0.986520 0.987636 0.988708 0.989737 0.990728 0.991683 0.992607 0.993501 0.994370 0.995216 0.996043 0.996853 0.997651 0.998440 0.999221 1.000000))
(time 0)
(channel alpha)
(curve
    (curve-type free)
    (n-points 17)
    (points 34 -1.000000 -1.000000 -1.000000 -1.000000 -1.000000 -1.000000 -1.000000 -1.000000 -1.000000 -1.000000 -1.000000 -1.000000 -1.000000 -1.000000 -1.000000 -1.000000 -1.000000 -1.000000 -1.000000 -1.000000 -1.000000 -1.000000 -1.000000 -1.000000 -1.000000 -1.000000 -1.000000 -1.000000 -1.000000 -1.000000 -1.000000 -1.000000 -1.000000 -1.000000)
    (n-samples 256)
    (samples 256 0.000000 0.003922 0.007843 0.011765 0.015686 0.019608 0.023529 0.027451 0.031373 0.035294 0.039216 0.043137 0.047059 0.050980 0.054902 0.058824 0.062745 0.066667 0.070588 0.074510 0.078431 0.082353 0.086275 0.090196 0.094118 0.098039 0.101961 0.105882 0.109804 0.113725 0.117647 0.121569 0.125490 0.129412 0.133333 0.137255 0.141176 0.145098 0.149020 0.152941 0.156863 0.160784 0.164706 0.168627 0.172549 0.176471 0.180392 0.184314 0.188235 0.192157 0.196078 0.200000 0.203922 0.207843 0.211765 0.215686 0.219608 0.223529 0.227451 0.231373 0.235294 0.239216 0.243137 0.247059 0.250980 0.254902 0.258824 0.262745 0.266667 0.270588 0.274510 0.278431 0.282353 0.286275 0.290196 0.294118 0.298039 0.301961 0.305882 0.309804 0.313725 0.317647 0.321569 0.325490 0.329412 0.333333 0.337255 0.341176 0.345098 0.349020 0.352941 0.356863 0.360784 0.364706 0.368627 0.372549 0.376471 0.380392 0.384314 0.388235 0.392157 0.396078 0.400000 0.403922 0.407843 0.411765 0.415686 0.419608 0.423529 0.427451 0.431373 0.435294 0.439216 0.443137 0.447059 0.450980 0.454902 0.458824 0.462745 0.466667 0.470588 0.474510 0.478431 0.482353 0.486275 0.490196 0.494118 0.498039 0.501961 0.505882 0.509804 0.513725 0.517647 0.521569 0.525490 0.529412 0.533333 0.537255 0.541176 0.545098 0.549020 0.552941 0.556863 0.560784 0.564706 0.568627 0.572549 0.576471 0.580392 0.584314 0.588235 0.592157 0.596078 0.600000 0.603922 0.607843 0.611765 0.615686 0.619608 0.623529 0.627451 0.631373 0.635294 0.639216 0.643137 0.647059 0.650980 0.654902 0.658824 0.662745 0.666667 0.670588 0.674510 0.678431 0.682353 0.686275 0.690196 0.694118 0.698039 0.701961 0.705882 0.709804 0.713725 0.717647 0.721569 0.725490 0.729412 0.733333 0.737255 0.741176 0.745098 0.749020 0.752941 0.756863 0.760784 0.764706 0.768627 0.772549 0.776471 0.780392 0.784314 0.788235 0.792157 0.796078 0.800000 0.803922 0.807843 0.811765 0.815686 0.819608 0.823529 0.827451 0.831373 0.835294 0.839216 0.843137 0.847059 0.850980 0.854902 0.858824 0.862745 0.866667 0.870588 0.874510 0.878431 0.882353 0.886275 0.890196 0.894118 0.898039 0.901961 0.905882 0.909804 0.913725 0.917647 0.921569 0.925490 0.929412 0.933333 0.937255 0.941176 0.945098 0.949020 0.952941 0.956863 0.960784 0.964706 0.968627 0.972549 0.976471 0.980392 0.984314 0.988235 0.992157 0.996078 1.000000))

# end of curves tool settings
