# GIMP curves tool settings

(time 0)
(time 0)
(channel value)
(curve
    (curve-type smooth)
    (n-points 17)
    (points 34 0.000000 0.000000 -1.000000 -1.000000 0.121569 0.121569 -1.000000 -1.000000 0.247059 0.247059 -1.000000 -1.000000 0.372549 0.372549 -1.000000 -1.000000 0.498039 0.498039 -1.000000 -1.000000 0.623529 0.623529 -1.000000 -1.000000 0.749020 0.749020 -1.000000 -1.000000 0.874510 0.874510 -1.000000 -1.000000 1.000000 1.000000)
    (n-samples 256)
    (samples 256 0.000000 0.003922 0.007843 0.011765 0.015686 0.019608 0.023530 0.027451 0.031373 0.035294 0.039216 0.043137 0.047059 0.050981 0.054902 0.058824 0.062745 0.066667 0.070589 0.074510 0.078432 0.082353 0.086275 0.090196 0.094118 0.098040 0.101961 0.105883 0.109804 0.113726 0.117647 0.121569 0.125491 0.129412 0.133334 0.137255 0.141177 0.145098 0.149020 0.152942 0.156863 0.160785 0.164706 0.168628 0.172549 0.176471 0.180392 0.184314 0.188236 0.192157 0.196079 0.200000 0.203922 0.207843 0.211765 0.215687 0.219608 0.223530 0.227451 0.231373 0.235294 0.239216 0.243137 0.247059 0.250981 0.254902 0.258824 0.262745 0.266667 0.270588 0.274510 0.278431 0.282353 0.286275 0.290196 0.294118 0.298039 0.301961 0.305882 0.309804 0.313726 0.317647 0.321569 0.325490 0.329412 0.333333 0.337255 0.341177 0.345098 0.349020 0.352941 0.356863 0.360784 0.364706 0.368627 0.372549 0.376471 0.380392 0.384314 0.388235 0.392157 0.396078 0.400000 0.403921 0.407843 0.411765 0.415686 0.419608 0.423529 0.427451 0.431372 0.435294 0.439216 0.443137 0.447059 0.450980 0.454902 0.458823 0.462745 0.466667 0.470588 0.474510 0.478431 0.482353 0.486274 0.490196 0.494117 0.498039 0.501961 0.505882 0.509804 0.513725 0.517647 0.521568 0.525490 0.529411 0.533333 0.537255 0.541176 0.545098 0.549019 0.552941 0.556862 0.560784 0.564705 0.568627 0.572549 0.576470 0.580392 0.584313 0.588235 0.592156 0.596078 0.600000 0.603921 0.607843 0.611764 0.615686 0.619607 0.623529 0.627451 0.631372 0.635294 0.639215 0.643137 0.647059 0.650980 0.654902 0.658823 0.662745 0.666666 0.670588 0.674510 0.678431 0.682353 0.686274 0.690196 0.694118 0.698039 0.701961 0.705883 0.709804 0.713726 0.717647 0.721569 0.725490 0.729412 0.733334 0.737255 0.741177 0.745098 0.749020 0.752942 0.756863 0.760785 0.764706 0.768628 0.772549 0.776471 0.780393 0.784314 0.788236 0.792157 0.796079 0.800000 0.803922 0.807844 0.811765 0.815687 0.819608 0.823530 0.827451 0.831373 0.835294 0.839216 0.843138 0.847059 0.850981 0.854902 0.858824 0.862745 0.866667 0.870588 0.874510 0.878432 0.882353 0.886275 0.890196 0.894118 0.898039 0.901961 0.905883 0.909804 0.913726 0.917647 0.921569 0.925490 0.929412 0.933333 0.937255 0.941177 0.945098 0.949020 0.952941 0.956863 0.960784 0.964706 0.968627 0.972549 0.976471 0.980392 0.984314 0.988235 0.992157 0.996078 1.000000))
(time 0)
(channel red)
(curve
    (curve-type smooth)
    (n-points 17)
    (points 34 0.000000 0.003922 -1.000000 -1.000000 0.121569 0.078431 -1.000000 -1.000000 0.247059 0.196078 -1.000000 -1.000000 0.372549 0.341176 -1.000000 -1.000000 0.498039 0.494118 -1.000000 -1.000000 0.623529 0.650980 -1.000000 -1.000000 0.749020 0.729412 -1.000000 -1.000000 0.874510 0.729412 -1.000000 -1.000000 1.000000 0.729412)
    (n-samples 256)
    (samples 256 0.003922 0.006003 0.008085 0.010172 0.012264 0.014365 0.016476 0.018599 0.020736 0.022889 0.025061 0.027252 0.029466 0.031704 0.033968 0.036261 0.038584 0.040939 0.043328 0.045754 0.048218 0.050722 0.053269 0.055860 0.058498 0.061184 0.063921 0.066710 0.069553 0.072453 0.075412 0.078431 0.081507 0.084633 0.087808 0.091031 0.094301 0.097617 0.100977 0.104381 0.107827 0.111314 0.114840 0.118406 0.122009 0.125649 0.129324 0.133033 0.136775 0.140549 0.144354 0.148188 0.152051 0.155940 0.159856 0.163797 0.167761 0.171748 0.175756 0.179785 0.183832 0.187898 0.191980 0.196078 0.200206 0.204378 0.208593 0.212848 0.217142 0.221473 0.225839 0.230239 0.234670 0.239130 0.243619 0.248134 0.252674 0.257236 0.261819 0.266421 0.271040 0.275675 0.280323 0.284983 0.289654 0.294332 0.299017 0.303707 0.308399 0.313093 0.317785 0.322476 0.327162 0.331842 0.336514 0.341176 0.345839 0.350512 0.355197 0.359892 0.364597 0.369311 0.374035 0.378768 0.383510 0.388259 0.393017 0.397782 0.402555 0.407334 0.412120 0.416912 0.421709 0.426512 0.431320 0.436133 0.440950 0.445771 0.450595 0.455423 0.460254 0.465087 0.469922 0.474759 0.479598 0.484437 0.489277 0.494118 0.499000 0.503958 0.508985 0.514074 0.519217 0.524407 0.529636 0.534896 0.540180 0.545481 0.550790 0.556101 0.561405 0.566696 0.571965 0.577206 0.582410 0.587570 0.592679 0.597729 0.602712 0.607621 0.612449 0.617187 0.621829 0.626366 0.630792 0.635098 0.639278 0.643323 0.647226 0.650980 0.654618 0.658180 0.661665 0.665073 0.668405 0.671660 0.674839 0.677941 0.680966 0.683915 0.686787 0.689583 0.692302 0.694945 0.697511 0.700000 0.702413 0.704749 0.707008 0.709191 0.711298 0.713327 0.715280 0.717157 0.718957 0.720680 0.722327 0.723897 0.725391 0.726808 0.728148 0.729412 0.730562 0.731566 0.732431 0.733165 0.733774 0.734266 0.734648 0.734927 0.735110 0.735204 0.735218 0.735157 0.735028 0.734841 0.734600 0.734314 0.733990 0.733634 0.733255 0.732859 0.732453 0.732045 0.731642 0.731250 0.730878 0.730532 0.730220 0.729948 0.729724 0.729556 0.729449 0.729412 0.729412 0.729412 0.729412 0.729412 0.729412 0.729412 0.729412 0.729412 0.729412 0.729412 0.729412 0.729412 0.729412 0.729412 0.729412 0.729412 0.729412 0.729412 0.729412 0.729412 0.729412 0.729412 0.729412 0.729412 0.729412 0.729412 0.729412 0.729412 0.729412 0.729412 0.729412 0.729412))
(time 0)
(channel green)
(curve
    (curve-type smooth)
    (n-points 17)
    (points 34 0.000000 0.003922 -1.000000 -1.000000 0.121569 0.078431 -1.000000 -1.000000 0.247059 0.196078 -1.000000 -1.000000 0.372549 0.341176 -1.000000 -1.000000 0.498039 0.494118 -1.000000 -1.000000 0.623529 0.650980 -1.000000 -1.000000 0.749020 0.792157 -1.000000 -1.000000 0.874510 0.913725 -1.000000 -1.000000 1.000000 0.925490)
    (n-samples 256)
    (samples 256 0.003922 0.006003 0.008085 0.010172 0.012264 0.014365 0.016476 0.018599 0.020736 0.022889 0.025061 0.027252 0.029466 0.031704 0.033968 0.036261 0.038584 0.040939 0.043328 0.045754 0.048218 0.050722 0.053269 0.055860 0.058498 0.061184 0.063921 0.066710 0.069553 0.072453 0.075412 0.078431 0.081507 0.084633 0.087808 0.091031 0.094301 0.097617 0.100977 0.104381 0.107827 0.111314 0.114840 0.118406 0.122009 0.125649 0.129324 0.133033 0.136775 0.140549 0.144354 0.148188 0.152051 0.155940 0.159856 0.163797 0.167761 0.171748 0.175756 0.179785 0.183832 0.187898 0.191980 0.196078 0.200206 0.204378 0.208593 0.212848 0.217142 0.221473 0.225839 0.230239 0.234670 0.239130 0.243619 0.248134 0.252674 0.257236 0.261819 0.266421 0.271040 0.275675 0.280323 0.284983 0.289654 0.294332 0.299017 0.303707 0.308399 0.313093 0.317785 0.322476 0.327162 0.331842 0.336514 0.341176 0.345839 0.350512 0.355197 0.359892 0.364597 0.369311 0.374035 0.378768 0.383510 0.388259 0.393017 0.397782 0.402555 0.407334 0.412120 0.416912 0.421709 0.426512 0.431320 0.436133 0.440950 0.445771 0.450595 0.455423 0.460254 0.465087 0.469922 0.474759 0.479598 0.484437 0.489277 0.494118 0.498970 0.503843 0.508735 0.513645 0.518571 0.523511 0.528463 0.533425 0.538397 0.543374 0.548357 0.553343 0.558331 0.563318 0.568303 0.573284 0.578260 0.583227 0.588186 0.593133 0.598068 0.602987 0.607891 0.612775 0.617640 0.622483 0.627302 0.632096 0.636862 0.641600 0.646306 0.650980 0.655631 0.660270 0.664897 0.669512 0.674113 0.678701 0.683276 0.687837 0.692383 0.696914 0.701431 0.705932 0.710417 0.714886 0.719339 0.723774 0.728193 0.732594 0.736977 0.741341 0.745687 0.750014 0.754321 0.758609 0.762877 0.767124 0.771350 0.775555 0.779739 0.783901 0.788040 0.792157 0.796295 0.800495 0.804746 0.809042 0.813374 0.817733 0.822111 0.826501 0.830894 0.835281 0.839655 0.844007 0.848328 0.852611 0.856848 0.861029 0.865148 0.869195 0.873162 0.877041 0.880824 0.884502 0.888068 0.891513 0.894829 0.898007 0.901039 0.903917 0.906633 0.909179 0.911545 0.913725 0.915729 0.917577 0.919274 0.920825 0.922236 0.923511 0.924655 0.925674 0.926571 0.927354 0.928026 0.928592 0.929057 0.929428 0.929707 0.929902 0.930015 0.930054 0.930022 0.929925 0.929767 0.929554 0.929291 0.928983 0.928634 0.928250 0.927836 0.927397 0.926938 0.926464 0.925979 0.925490))
(time 0)
(channel blue)
(curve
    (curve-type smooth)
    (n-points 17)
    (points 34 0.000000 0.450980 -1.000000 -1.000000 0.121569 0.450980 -1.000000 -1.000000 0.247059 0.450980 -1.000000 -1.000000 0.372549 0.450980 -1.000000 -1.000000 0.498039 0.494118 -1.000000 -1.000000 0.623529 0.650980 -1.000000 -1.000000 0.749020 0.792157 -1.000000 -1.000000 0.874510 0.913725 -1.000000 -1.000000 1.000000 1.000000)
    (n-samples 256)
    (samples 256 0.450980 0.450980 0.450980 0.450980 0.450980 0.450980 0.450980 0.450980 0.450980 0.450980 0.450980 0.450980 0.450980 0.450980 0.450980 0.450980 0.450980 0.450980 0.450980 0.450980 0.450980 0.450980 0.450980 0.450980 0.450980 0.450980 0.450980 0.450980 0.450980 0.450980 0.450980 0.450980 0.450980 0.450980 0.450980 0.450980 0.450980 0.450980 0.450980 0.450980 0.450980 0.450980 0.450980 0.450980 0.450980 0.450980 0.450980 0.450980 0.450980 0.450980 0.450980 0.450980 0.450980 0.450980 0.450980 0.450980 0.450980 0.450980 0.450980 0.450980 0.450980 0.450980 0.450980 0.450980 0.450960 0.450901 0.450808 0.450685 0.450536 0.450364 0.450174 0.449969 0.449754 0.449532 0.449307 0.449084 0.448866 0.448658 0.448462 0.448284 0.448127 0.447994 0.447891 0.447820 0.447787 0.447794 0.447846 0.447947 0.448100 0.448310 0.448581 0.448916 0.449319 0.449795 0.450347 0.450980 0.451642 0.452283 0.452911 0.453531 0.454150 0.454774 0.455411 0.456066 0.456746 0.457457 0.458206 0.459000 0.459844 0.460745 0.461710 0.462745 0.463857 0.465052 0.466336 0.467716 0.469199 0.470790 0.472497 0.474326 0.476283 0.478375 0.480608 0.482989 0.485524 0.488219 0.491082 0.494118 0.497360 0.500827 0.504508 0.508391 0.512464 0.516715 0.521133 0.525705 0.530420 0.535265 0.540230 0.545301 0.550468 0.555718 0.561040 0.566422 0.571851 0.577316 0.582806 0.588308 0.593810 0.599301 0.604769 0.610202 0.615588 0.620915 0.626171 0.631345 0.636425 0.641399 0.646254 0.650980 0.655631 0.660270 0.664897 0.669512 0.674113 0.678701 0.683276 0.687837 0.692383 0.696914 0.701431 0.705932 0.710417 0.714886 0.719339 0.723774 0.728193 0.732594 0.736977 0.741341 0.745687 0.750014 0.754321 0.758609 0.762877 0.767124 0.771350 0.775555 0.779739 0.783901 0.788040 0.792157 0.796260 0.800358 0.804449 0.808533 0.812606 0.816669 0.820719 0.824755 0.828776 0.832780 0.836766 0.840732 0.844677 0.848600 0.852499 0.856372 0.860219 0.864037 0.867826 0.871584 0.875309 0.879000 0.882655 0.886274 0.889855 0.893395 0.896895 0.900352 0.903765 0.907132 0.910453 0.913725 0.916947 0.920119 0.923242 0.926319 0.929350 0.932338 0.935284 0.938189 0.941055 0.943885 0.946679 0.949439 0.952166 0.954863 0.957531 0.960171 0.962786 0.965376 0.967944 0.970490 0.973018 0.975527 0.978020 0.980499 0.982965 0.985420 0.987865 0.990301 0.992732 0.995157 0.997579 1.000000))
(time 0)
(channel alpha)
(curve
    (curve-type free)
    (n-points 17)
    (points 34 -1.000000 -1.000000 -1.000000 -1.000000 -1.000000 -1.000000 -1.000000 -1.000000 -1.000000 -1.000000 -1.000000 -1.000000 -1.000000 -1.000000 -1.000000 -1.000000 -1.000000 -1.000000 -1.000000 -1.000000 -1.000000 -1.000000 -1.000000 -1.000000 -1.000000 -1.000000 -1.000000 -1.000000 -1.000000 -1.000000 -1.000000 -1.000000 -1.000000 -1.000000)
    (n-samples 256)
    (samples 256 0.000000 0.003922 0.007843 0.011765 0.015686 0.019608 0.023529 0.027451 0.031373 0.035294 0.039216 0.043137 0.047059 0.050980 0.054902 0.058824 0.062745 0.066667 0.070588 0.074510 0.078431 0.082353 0.086275 0.090196 0.094118 0.098039 0.101961 0.105882 0.109804 0.113725 0.117647 0.121569 0.125490 0.129412 0.133333 0.137255 0.141176 0.145098 0.149020 0.152941 0.156863 0.160784 0.164706 0.168627 0.172549 0.176471 0.180392 0.184314 0.188235 0.192157 0.196078 0.200000 0.203922 0.207843 0.211765 0.215686 0.219608 0.223529 0.227451 0.231373 0.235294 0.239216 0.243137 0.247059 0.250980 0.254902 0.258824 0.262745 0.266667 0.270588 0.274510 0.278431 0.282353 0.286275 0.290196 0.294118 0.298039 0.301961 0.305882 0.309804 0.313725 0.317647 0.321569 0.325490 0.329412 0.333333 0.337255 0.341176 0.345098 0.349020 0.352941 0.356863 0.360784 0.364706 0.368627 0.372549 0.376471 0.380392 0.384314 0.388235 0.392157 0.396078 0.400000 0.403922 0.407843 0.411765 0.415686 0.419608 0.423529 0.427451 0.431373 0.435294 0.439216 0.443137 0.447059 0.450980 0.454902 0.458824 0.462745 0.466667 0.470588 0.474510 0.478431 0.482353 0.486275 0.490196 0.494118 0.498039 0.501961 0.505882 0.509804 0.513725 0.517647 0.521569 0.525490 0.529412 0.533333 0.537255 0.541176 0.545098 0.549020 0.552941 0.556863 0.560784 0.564706 0.568627 0.572549 0.576471 0.580392 0.584314 0.588235 0.592157 0.596078 0.600000 0.603922 0.607843 0.611765 0.615686 0.619608 0.623529 0.627451 0.631373 0.635294 0.639216 0.643137 0.647059 0.650980 0.654902 0.658824 0.662745 0.666667 0.670588 0.674510 0.678431 0.682353 0.686275 0.690196 0.694118 0.698039 0.701961 0.705882 0.709804 0.713725 0.717647 0.721569 0.725490 0.729412 0.733333 0.737255 0.741176 0.745098 0.749020 0.752941 0.756863 0.760784 0.764706 0.768627 0.772549 0.776471 0.780392 0.784314 0.788235 0.792157 0.796078 0.800000 0.803922 0.807843 0.811765 0.815686 0.819608 0.823529 0.827451 0.831373 0.835294 0.839216 0.843137 0.847059 0.850980 0.854902 0.858824 0.862745 0.866667 0.870588 0.874510 0.878431 0.882353 0.886275 0.890196 0.894118 0.898039 0.901961 0.905882 0.909804 0.913725 0.917647 0.921569 0.925490 0.929412 0.933333 0.937255 0.941176 0.945098 0.949020 0.952941 0.956863 0.960784 0.964706 0.968627 0.972549 0.976471 0.980392 0.984314 0.988235 0.992157 0.996078 1.000000))

# end of curves tool settings
