# GIMP curves tool settings

(time 0)
(time 0)
(channel value)
(curve
    (curve-type smooth)
    (n-points 17)
    (points 34 0.000000 0.000000 -1.000000 -1.000000 -1.000000 -1.000000 -1.000000 -1.000000 -1.000000 -1.000000 -1.000000 -1.000000 -1.000000 -1.000000 -1.000000 -1.000000 -1.000000 -1.000000 -1.000000 -1.000000 -1.000000 -1.000000 -1.000000 -1.000000 -1.000000 -1.000000 -1.000000 -1.000000 -1.000000 -1.000000 -1.000000 -1.000000 1.000000 1.000000)
    (n-samples 256)
    (samples 256 0.000000 0.003922 0.007843 0.011765 0.015686 0.019608 0.023529 0.027451 0.031373 0.035294 0.039216 0.043137 0.047059 0.050980 0.054902 0.058824 0.062745 0.066667 0.070588 0.074510 0.078431 0.082353 0.086275 0.090196 0.094118 0.098039 0.101961 0.105882 0.109804 0.113725 0.117647 0.121569 0.125490 0.129412 0.133333 0.137255 0.141176 0.145098 0.149020 0.152941 0.156863 0.160784 0.164706 0.168627 0.172549 0.176471 0.180392 0.184314 0.188235 0.192157 0.196078 0.200000 0.203922 0.207843 0.211765 0.215686 0.219608 0.223529 0.227451 0.231373 0.235294 0.239216 0.243137 0.247059 0.250980 0.254902 0.258824 0.262745 0.266667 0.270588 0.274510 0.278431 0.282353 0.286275 0.290196 0.294118 0.298039 0.301961 0.305882 0.309804 0.313725 0.317647 0.321569 0.325490 0.329412 0.333333 0.337255 0.341176 0.345098 0.349020 0.352941 0.356863 0.360784 0.364706 0.368627 0.372549 0.376471 0.380392 0.384314 0.388235 0.392157 0.396078 0.400000 0.403922 0.407843 0.411765 0.415686 0.419608 0.423529 0.427451 0.431373 0.435294 0.439216 0.443137 0.447059 0.450980 0.454902 0.458824 0.462745 0.466667 0.470588 0.474510 0.478431 0.482353 0.486275 0.490196 0.494118 0.498039 0.501961 0.505882 0.509804 0.513725 0.517647 0.521569 0.525490 0.529412 0.533333 0.537255 0.541176 0.545098 0.549020 0.552941 0.556863 0.560784 0.564706 0.568627 0.572549 0.576471 0.580392 0.584314 0.588235 0.592157 0.596078 0.600000 0.603922 0.607843 0.611765 0.615686 0.619608 0.623529 0.627451 0.631373 0.635294 0.639216 0.643137 0.647059 0.650980 0.654902 0.658824 0.662745 0.666667 0.670588 0.674510 0.678431 0.682353 0.686275 0.690196 0.694118 0.698039 0.701961 0.705882 0.709804 0.713725 0.717647 0.721569 0.725490 0.729412 0.733333 0.737255 0.741176 0.745098 0.749020 0.752941 0.756863 0.760784 0.764706 0.768627 0.772549 0.776471 0.780392 0.784314 0.788235 0.792157 0.796078 0.800000 0.803922 0.807843 0.811765 0.815686 0.819608 0.823529 0.827451 0.831373 0.835294 0.839216 0.843137 0.847059 0.850980 0.854902 0.858824 0.862745 0.866667 0.870588 0.874510 0.878431 0.882353 0.886275 0.890196 0.894118 0.898039 0.901961 0.905882 0.909804 0.913725 0.917647 0.921569 0.925490 0.929412 0.933333 0.937255 0.941176 0.945098 0.949020 0.952941 0.956863 0.960784 0.964706 0.968627 0.972549 0.976471 0.980392 0.984314 0.988235 0.992157 0.996078 1.000000))
(time 0)
(channel red)
(curve
    (curve-type smooth)
    (n-points 17)
    (points 34 0.000000 0.054902 -1.000000 -1.000000 0.121569 0.070588 -1.000000 -1.000000 0.247059 0.243137 -1.000000 -1.000000 0.372549 0.407843 -1.000000 -1.000000 0.498039 0.552941 -1.000000 -1.000000 0.623529 0.678431 -1.000000 -1.000000 0.749020 0.780392 -1.000000 -1.000000 0.874510 0.866667 -1.000000 -1.000000 1.000000 0.949020)
    (n-samples 256)
    (samples 256 0.054902 0.054168 0.053442 0.052732 0.052045 0.051389 0.050771 0.050200 0.049684 0.049229 0.048844 0.048536 0.048314 0.048185 0.048156 0.048236 0.048432 0.048752 0.049204 0.049795 0.050534 0.051427 0.052483 0.053710 0.055114 0.056705 0.058490 0.060475 0.062670 0.065082 0.067719 0.070588 0.073727 0.077160 0.080872 0.084847 0.089071 0.093530 0.098207 0.103090 0.108162 0.113409 0.118816 0.124368 0.130051 0.135850 0.141750 0.147735 0.153793 0.159906 0.166061 0.172243 0.178438 0.184629 0.190803 0.196945 0.203039 0.209072 0.215028 0.220892 0.226650 0.232286 0.237787 0.243137 0.248408 0.253682 0.258958 0.264235 0.269510 0.274785 0.280057 0.285325 0.290588 0.295845 0.301095 0.306338 0.311571 0.316794 0.322006 0.327206 0.332392 0.337563 0.342720 0.347859 0.352981 0.358084 0.363167 0.368229 0.373269 0.378286 0.383279 0.388247 0.393188 0.398102 0.402987 0.407843 0.412674 0.417486 0.422279 0.427053 0.431807 0.436542 0.441259 0.445956 0.450634 0.455292 0.459932 0.464553 0.469154 0.473736 0.478299 0.482843 0.487368 0.491873 0.496360 0.500827 0.505275 0.509704 0.514114 0.518505 0.522876 0.527229 0.531562 0.535876 0.540171 0.544447 0.548703 0.552941 0.557161 0.561366 0.565554 0.569726 0.573882 0.578020 0.582141 0.586244 0.590328 0.594395 0.598442 0.602470 0.606478 0.610467 0.614435 0.618382 0.622308 0.626213 0.630096 0.633957 0.637796 0.641611 0.645404 0.649172 0.652917 0.656638 0.660334 0.664005 0.667650 0.671270 0.674864 0.678431 0.681970 0.685479 0.688958 0.692409 0.695833 0.699229 0.702599 0.705943 0.709263 0.712558 0.715830 0.719079 0.722306 0.725512 0.728697 0.731862 0.735009 0.738136 0.741246 0.744339 0.747416 0.750477 0.753524 0.756556 0.759575 0.762581 0.765575 0.768558 0.771531 0.774493 0.777447 0.780392 0.783320 0.786222 0.789100 0.791954 0.794785 0.797595 0.800385 0.803156 0.805908 0.808643 0.811362 0.814066 0.816757 0.819434 0.822100 0.824755 0.827401 0.830038 0.832667 0.835290 0.837908 0.840522 0.843133 0.845742 0.848349 0.850957 0.853566 0.856178 0.858792 0.861411 0.864036 0.866667 0.869299 0.871925 0.874546 0.877162 0.879773 0.882379 0.884980 0.887577 0.890169 0.892758 0.895342 0.897923 0.900500 0.903073 0.905644 0.908211 0.910776 0.913337 0.915897 0.918454 0.921008 0.923561 0.926112 0.928662 0.931210 0.933756 0.936302 0.938847 0.941391 0.943934 0.946477 0.949020))
(time 0)
(channel green)
(curve
    (curve-type smooth)
    (n-points 17)
    (points 34 0.000000 0.007843 -1.000000 -1.000000 0.121569 0.023529 -1.000000 -1.000000 0.247059 0.207843 -1.000000 -1.000000 0.372549 0.388235 -1.000000 -1.000000 0.498039 0.541176 -1.000000 -1.000000 0.623529 0.682353 -1.000000 -1.000000 0.749020 0.796078 -1.000000 -1.000000 0.874510 0.898039 -1.000000 -1.000000 1.000000 0.996078)
    (n-samples 256)
    (samples 256 0.007843 0.007016 0.006198 0.005396 0.004619 0.003875 0.003173 0.002521 0.001927 0.001400 0.000948 0.000580 0.000303 0.000126 0.000057 0.000104 0.000277 0.000583 0.001031 0.001629 0.002385 0.003307 0.004405 0.005685 0.007158 0.008830 0.010711 0.012808 0.015130 0.017685 0.020482 0.023529 0.026865 0.030511 0.034454 0.038678 0.043166 0.047904 0.052876 0.058066 0.063459 0.069040 0.074792 0.080701 0.086751 0.092926 0.099211 0.105590 0.112049 0.118570 0.125140 0.131742 0.138360 0.144980 0.151586 0.158162 0.164693 0.171164 0.177558 0.183860 0.190056 0.196128 0.202062 0.207843 0.213551 0.219275 0.225015 0.230767 0.236530 0.242301 0.248079 0.253860 0.259644 0.265427 0.271207 0.276984 0.282753 0.288514 0.294263 0.300000 0.305721 0.311425 0.317109 0.322771 0.328409 0.334021 0.339605 0.345159 0.350680 0.356166 0.361616 0.367026 0.372396 0.377722 0.383002 0.388235 0.393423 0.398569 0.403677 0.408747 0.413780 0.418778 0.423743 0.428676 0.433578 0.438451 0.443297 0.448115 0.452909 0.457680 0.462428 0.467156 0.471865 0.476556 0.481231 0.485891 0.490538 0.495172 0.499796 0.504411 0.509019 0.513620 0.518216 0.522809 0.527400 0.531991 0.536582 0.541176 0.545773 0.550373 0.554974 0.559574 0.564172 0.568767 0.573357 0.577941 0.582517 0.587084 0.591641 0.596185 0.600717 0.605233 0.609733 0.614215 0.618679 0.623121 0.627542 0.631939 0.636312 0.640657 0.644976 0.649265 0.653523 0.657749 0.661942 0.666100 0.670221 0.674305 0.678349 0.682353 0.686315 0.690236 0.694118 0.697963 0.701771 0.705543 0.709283 0.712990 0.716667 0.720314 0.723934 0.727527 0.731096 0.734641 0.738164 0.741667 0.745150 0.748615 0.752065 0.755499 0.758920 0.762329 0.765728 0.769117 0.772499 0.775875 0.779246 0.782613 0.785978 0.789344 0.792710 0.796078 0.799439 0.802781 0.806105 0.809413 0.812704 0.815980 0.819241 0.822487 0.825721 0.828941 0.832150 0.835347 0.838534 0.841711 0.844879 0.848039 0.851191 0.854336 0.857475 0.860608 0.863736 0.866861 0.869982 0.873100 0.876217 0.879332 0.882447 0.885562 0.888678 0.891796 0.894916 0.898039 0.901161 0.904278 0.907389 0.910495 0.913596 0.916692 0.919784 0.922870 0.925953 0.929032 0.932106 0.935177 0.938244 0.941308 0.944369 0.947426 0.950481 0.953533 0.956582 0.959629 0.962674 0.965717 0.968758 0.971798 0.974836 0.977873 0.980909 0.983944 0.986978 0.990012 0.993045 0.996078))
(time 0)
(channel blue)
(curve
    (curve-type smooth)
    (n-points 17)
    (points 34 0.000000 0.258824 -1.000000 -1.000000 0.121569 0.294118 -1.000000 -1.000000 0.247059 0.372549 -1.000000 -1.000000 0.372549 0.450980 -1.000000 -1.000000 0.498039 0.521569 -1.000000 -1.000000 0.623529 0.592157 -1.000000 -1.000000 0.749020 0.654902 -1.000000 -1.000000 0.874510 0.717647 -1.000000 -1.000000 1.000000 0.776471)
    (n-samples 256)
    (samples 256 0.258824 0.259630 0.260437 0.261249 0.262067 0.262893 0.263730 0.264579 0.265443 0.266324 0.267223 0.268143 0.269086 0.270054 0.271048 0.272073 0.273128 0.274216 0.275340 0.276502 0.277703 0.278945 0.280232 0.281564 0.282944 0.284373 0.285855 0.287391 0.288983 0.290634 0.292345 0.294118 0.295963 0.297885 0.299880 0.301944 0.304074 0.306266 0.308516 0.310820 0.313174 0.315575 0.318019 0.320502 0.323021 0.325571 0.328149 0.330750 0.333372 0.336010 0.338661 0.341321 0.343986 0.346652 0.349315 0.351973 0.354620 0.357253 0.359868 0.362463 0.365031 0.367571 0.370078 0.372549 0.375004 0.377465 0.379933 0.382406 0.384885 0.387367 0.389852 0.392341 0.394831 0.397322 0.399814 0.402305 0.404796 0.407285 0.409771 0.412255 0.414734 0.417209 0.419679 0.422143 0.424600 0.427049 0.429491 0.431924 0.434347 0.436760 0.439161 0.441551 0.443929 0.446293 0.448644 0.450980 0.453301 0.455607 0.457900 0.460179 0.462446 0.464701 0.466945 0.469179 0.471403 0.473618 0.475825 0.478025 0.480218 0.482406 0.484587 0.486765 0.488938 0.491109 0.493277 0.495443 0.497608 0.499773 0.501939 0.504106 0.506274 0.508446 0.510620 0.512799 0.514983 0.517172 0.519367 0.521569 0.523779 0.525995 0.528218 0.530446 0.532679 0.534916 0.537157 0.539400 0.541645 0.543891 0.546138 0.548384 0.550630 0.552874 0.555115 0.557353 0.559588 0.561818 0.564042 0.566261 0.568473 0.570678 0.572874 0.575061 0.577239 0.579407 0.581564 0.583709 0.585841 0.587961 0.590066 0.592157 0.594233 0.596294 0.598341 0.600375 0.602397 0.604407 0.606406 0.608395 0.610374 0.612344 0.614306 0.616261 0.618209 0.620151 0.622088 0.624020 0.625948 0.627873 0.629796 0.631717 0.633637 0.635557 0.637478 0.639400 0.641323 0.643249 0.645179 0.647112 0.649051 0.650995 0.652945 0.654902 0.656865 0.658831 0.660800 0.662772 0.664746 0.666723 0.668701 0.670680 0.672660 0.674641 0.676623 0.678604 0.680584 0.682564 0.684543 0.686520 0.688495 0.690467 0.692438 0.694405 0.696369 0.698329 0.700285 0.702236 0.704183 0.706125 0.708061 0.709992 0.711916 0.713833 0.715744 0.717647 0.719544 0.721435 0.723321 0.725201 0.727077 0.728947 0.730813 0.732675 0.734532 0.736385 0.738234 0.740079 0.741921 0.743759 0.745595 0.747427 0.749256 0.751082 0.752906 0.754728 0.756547 0.758365 0.760181 0.761995 0.763807 0.765619 0.767429 0.769239 0.771047 0.772856 0.774663 0.776471))
(time 0)
(channel alpha)
(curve
    (curve-type free)
    (n-points 17)
    (points 34 -1.000000 -1.000000 -1.000000 -1.000000 -1.000000 -1.000000 -1.000000 -1.000000 -1.000000 -1.000000 -1.000000 -1.000000 -1.000000 -1.000000 -1.000000 -1.000000 -1.000000 -1.000000 -1.000000 -1.000000 -1.000000 -1.000000 -1.000000 -1.000000 -1.000000 -1.000000 -1.000000 -1.000000 -1.000000 -1.000000 -1.000000 -1.000000 -1.000000 -1.000000)
    (n-samples 256)
    (samples 256 0.000000 0.003922 0.007843 0.011765 0.015686 0.019608 0.023529 0.027451 0.031373 0.035294 0.039216 0.043137 0.047059 0.050980 0.054902 0.058824 0.062745 0.066667 0.070588 0.074510 0.078431 0.082353 0.086275 0.090196 0.094118 0.098039 0.101961 0.105882 0.109804 0.113725 0.117647 0.121569 0.125490 0.129412 0.133333 0.137255 0.141176 0.145098 0.149020 0.152941 0.156863 0.160784 0.164706 0.168627 0.172549 0.176471 0.180392 0.184314 0.188235 0.192157 0.196078 0.200000 0.203922 0.207843 0.211765 0.215686 0.219608 0.223529 0.227451 0.231373 0.235294 0.239216 0.243137 0.247059 0.250980 0.254902 0.258824 0.262745 0.266667 0.270588 0.274510 0.278431 0.282353 0.286275 0.290196 0.294118 0.298039 0.301961 0.305882 0.309804 0.313725 0.317647 0.321569 0.325490 0.329412 0.333333 0.337255 0.341176 0.345098 0.349020 0.352941 0.356863 0.360784 0.364706 0.368627 0.372549 0.376471 0.380392 0.384314 0.388235 0.392157 0.396078 0.400000 0.403922 0.407843 0.411765 0.415686 0.419608 0.423529 0.427451 0.431373 0.435294 0.439216 0.443137 0.447059 0.450980 0.454902 0.458824 0.462745 0.466667 0.470588 0.474510 0.478431 0.482353 0.486275 0.490196 0.494118 0.498039 0.501961 0.505882 0.509804 0.513725 0.517647 0.521569 0.525490 0.529412 0.533333 0.537255 0.541176 0.545098 0.549020 0.552941 0.556863 0.560784 0.564706 0.568627 0.572549 0.576471 0.580392 0.584314 0.588235 0.592157 0.596078 0.600000 0.603922 0.607843 0.611765 0.615686 0.619608 0.623529 0.627451 0.631373 0.635294 0.639216 0.643137 0.647059 0.650980 0.654902 0.658824 0.662745 0.666667 0.670588 0.674510 0.678431 0.682353 0.686275 0.690196 0.694118 0.698039 0.701961 0.705882 0.709804 0.713725 0.717647 0.721569 0.725490 0.729412 0.733333 0.737255 0.741176 0.745098 0.749020 0.752941 0.756863 0.760784 0.764706 0.768627 0.772549 0.776471 0.780392 0.784314 0.788235 0.792157 0.796078 0.800000 0.803922 0.807843 0.811765 0.815686 0.819608 0.823529 0.827451 0.831373 0.835294 0.839216 0.843137 0.847059 0.850980 0.854902 0.858824 0.862745 0.866667 0.870588 0.874510 0.878431 0.882353 0.886275 0.890196 0.894118 0.898039 0.901961 0.905882 0.909804 0.913725 0.917647 0.921569 0.925490 0.929412 0.933333 0.937255 0.941176 0.945098 0.949020 0.952941 0.956863 0.960784 0.964706 0.968627 0.972549 0.976471 0.980392 0.984314 0.988235 0.992157 0.996078 1.000000))

# end of curves tool settings
