# GIMP curves tool settings

(time 0)
(time 0)
(channel value)
(curve
    (curve-type free)
    (n-points 17)
    (points 34 -1.000000 -1.000000 -1.000000 -1.000000 -1.000000 -1.000000 -1.000000 -1.000000 -1.000000 -1.000000 -1.000000 -1.000000 -1.000000 -1.000000 -1.000000 -1.000000 -1.000000 -1.000000 -1.000000 -1.000000 -1.000000 -1.000000 -1.000000 -1.000000 -1.000000 -1.000000 -1.000000 -1.000000 -1.000000 -1.000000 -1.000000 -1.000000 -1.000000 -1.000000)
    (n-samples 256)
    (samples 256 0.000000 0.003922 0.007843 0.011765 0.015686 0.019608 0.023529 0.027451 0.031373 0.035294 0.039216 0.043137 0.047059 0.050980 0.054902 0.058824 0.062745 0.066667 0.070588 0.074510 0.078431 0.082353 0.086275 0.090196 0.094118 0.098039 0.101961 0.105882 0.109804 0.113725 0.117647 0.121569 0.125490 0.129412 0.133333 0.137255 0.141176 0.145098 0.149020 0.152941 0.156863 0.160784 0.164706 0.168627 0.172549 0.176471 0.180392 0.184314 0.188235 0.192157 0.196078 0.200000 0.203922 0.207843 0.211765 0.215686 0.219608 0.223529 0.227451 0.231373 0.235294 0.239216 0.243137 0.247059 0.250980 0.254902 0.258824 0.262745 0.266667 0.270588 0.274510 0.278431 0.282353 0.286275 0.290196 0.294118 0.298039 0.301961 0.305882 0.309804 0.313725 0.317647 0.321569 0.325490 0.329412 0.333333 0.337255 0.341176 0.345098 0.349020 0.352941 0.356863 0.360784 0.364706 0.368627 0.372549 0.376471 0.380392 0.384314 0.388235 0.392157 0.396078 0.400000 0.403922 0.407843 0.411765 0.415686 0.419608 0.423529 0.427451 0.431373 0.435294 0.439216 0.443137 0.447059 0.450980 0.454902 0.458824 0.462745 0.466667 0.470588 0.474510 0.478431 0.482353 0.486275 0.490196 0.494118 0.498039 0.501961 0.505882 0.509804 0.513725 0.517647 0.521569 0.525490 0.529412 0.533333 0.537255 0.541176 0.545098 0.549020 0.552941 0.556863 0.560784 0.564706 0.568627 0.572549 0.576471 0.580392 0.584314 0.588235 0.592157 0.596078 0.600000 0.603922 0.607843 0.611765 0.615686 0.619608 0.623529 0.627451 0.631373 0.635294 0.639216 0.643137 0.647059 0.650980 0.654902 0.658824 0.662745 0.666667 0.670588 0.674510 0.678431 0.682353 0.686275 0.690196 0.694118 0.698039 0.701961 0.705882 0.709804 0.713725 0.717647 0.721569 0.725490 0.729412 0.733333 0.737255 0.741176 0.745098 0.749020 0.752941 0.756863 0.760784 0.764706 0.768627 0.772549 0.776471 0.780392 0.784314 0.788235 0.792157 0.796078 0.800000 0.803922 0.807843 0.811765 0.815686 0.819608 0.823529 0.827451 0.831373 0.835294 0.839216 0.843137 0.847059 0.850980 0.854902 0.858824 0.862745 0.866667 0.870588 0.874510 0.878431 0.882353 0.886275 0.890196 0.894118 0.898039 0.901961 0.905882 0.909804 0.913725 0.917647 0.921569 0.925490 0.929412 0.933333 0.937255 0.941176 0.945098 0.949020 0.952941 0.956863 0.960784 0.964706 0.968627 0.972549 0.976471 0.980392 0.984314 0.988235 0.992157 0.996078 1.000000))
(time 0)
(channel red)
(curve
    (curve-type smooth)
    (n-points 17)
    (points 34 0.000000 0.035294 -1.000000 -1.000000 0.121569 0.035294 -1.000000 -1.000000 0.247059 0.100000 -1.000000 -1.000000 0.372549 0.219095 -1.000000 -1.000000 0.498039 0.373810 -1.000000 -1.000000 0.623529 0.541166 -1.000000 -1.000000 0.749020 0.697497 -1.000000 -1.000000 0.874510 0.850874 -1.000000 -1.000000 1.000000 0.996065)
    (n-samples 256)
    (samples 256 0.035294 0.034781 0.034271 0.033768 0.033274 0.032793 0.032328 0.031883 0.031459 0.031062 0.030693 0.030356 0.030055 0.029792 0.029571 0.029394 0.029266 0.029189 0.029167 0.029202 0.029298 0.029459 0.029686 0.029984 0.030356 0.030805 0.031334 0.031947 0.032646 0.033434 0.034316 0.035294 0.036357 0.037490 0.038692 0.039963 0.041302 0.042709 0.044181 0.045718 0.047320 0.048986 0.050714 0.052505 0.054356 0.056267 0.058238 0.060268 0.062355 0.064499 0.066698 0.068953 0.071262 0.073625 0.076040 0.078507 0.081024 0.083592 0.086209 0.088874 0.091586 0.094345 0.097150 0.100000 0.102907 0.105884 0.108929 0.112041 0.115217 0.118455 0.121755 0.125115 0.128532 0.132005 0.135532 0.139112 0.142742 0.146422 0.150149 0.153922 0.157739 0.161598 0.165497 0.169435 0.173411 0.177421 0.181466 0.185542 0.189648 0.193783 0.197945 0.202132 0.206342 0.210574 0.214825 0.219095 0.223402 0.227763 0.232178 0.236643 0.241158 0.245719 0.250325 0.254973 0.259662 0.264388 0.269152 0.273949 0.278778 0.283637 0.288524 0.293436 0.298372 0.303330 0.308307 0.313301 0.318310 0.323332 0.328366 0.333408 0.338456 0.343510 0.348566 0.353622 0.358677 0.363728 0.368773 0.373810 0.378860 0.383943 0.389057 0.394200 0.399370 0.404564 0.409781 0.415019 0.420274 0.425545 0.430830 0.436127 0.441433 0.446747 0.452065 0.457387 0.462709 0.468030 0.473348 0.478659 0.483963 0.489257 0.494539 0.499806 0.505057 0.510289 0.515500 0.520688 0.525850 0.530986 0.536092 0.541166 0.546214 0.551245 0.556258 0.561255 0.566236 0.571203 0.576155 0.581093 0.586019 0.590933 0.595835 0.600727 0.605610 0.610483 0.615348 0.620205 0.625056 0.629900 0.634739 0.639574 0.644404 0.649232 0.654057 0.658880 0.663703 0.668525 0.673348 0.678172 0.682999 0.687828 0.692660 0.697497 0.702337 0.707179 0.712022 0.716866 0.721711 0.726555 0.731398 0.736241 0.741082 0.745920 0.750756 0.755589 0.760419 0.765245 0.770066 0.774882 0.779692 0.784497 0.789296 0.794087 0.798871 0.803647 0.808415 0.813175 0.817924 0.822665 0.827395 0.832114 0.836822 0.841518 0.846202 0.850874 0.855533 0.860181 0.864817 0.869443 0.874058 0.878662 0.883258 0.887843 0.892420 0.896988 0.901548 0.906100 0.910645 0.915182 0.919713 0.924237 0.928755 0.933268 0.937775 0.942278 0.946776 0.951270 0.955760 0.960247 0.964731 0.969212 0.973691 0.978168 0.982644 0.987118 0.991592 0.996065))
(time 0)
(channel green)
(curve
    (curve-type smooth)
    (n-points 17)
    (points 34 0.000000 0.015686 -1.000000 -1.000000 0.121569 0.015686 -1.000000 -1.000000 0.247059 0.085098 -1.000000 -1.000000 0.372549 0.206671 -1.000000 -1.000000 0.498039 0.357512 -1.000000 -1.000000 0.623529 0.526512 -1.000000 -1.000000 0.749020 0.687917 -1.000000 -1.000000 0.874510 0.845067 -1.000000 -1.000000 1.000000 0.996069)
    (n-samples 256)
    (samples 256 0.015686 0.015136 0.014589 0.014049 0.013519 0.013003 0.012504 0.012026 0.011572 0.011146 0.010750 0.010389 0.010066 0.009784 0.009547 0.009357 0.009220 0.009137 0.009113 0.009151 0.009254 0.009426 0.009670 0.009990 0.010389 0.010871 0.011438 0.012095 0.012845 0.013691 0.014637 0.015686 0.016829 0.018053 0.019356 0.020737 0.022195 0.023728 0.025335 0.027013 0.028763 0.030581 0.032468 0.034420 0.036437 0.038518 0.040660 0.042863 0.045124 0.047443 0.049817 0.052246 0.054728 0.057261 0.059845 0.062476 0.065155 0.067879 0.070648 0.073459 0.076310 0.079202 0.082132 0.085098 0.088118 0.091210 0.094371 0.097599 0.100891 0.104247 0.107663 0.111138 0.114669 0.118255 0.121893 0.125581 0.129318 0.133100 0.136927 0.140795 0.144703 0.148649 0.152630 0.156645 0.160691 0.164767 0.168870 0.172997 0.177148 0.181320 0.185510 0.189717 0.193939 0.198173 0.202418 0.206671 0.210947 0.215261 0.219613 0.224001 0.228425 0.232883 0.237374 0.241898 0.246453 0.251038 0.255652 0.260295 0.264965 0.269661 0.274382 0.279127 0.283896 0.288687 0.293498 0.298330 0.303181 0.308051 0.312937 0.317839 0.322756 0.327687 0.332632 0.337588 0.342555 0.347532 0.352518 0.357512 0.362531 0.367590 0.372687 0.377820 0.382987 0.388184 0.393410 0.398663 0.403940 0.409238 0.414556 0.419891 0.425240 0.430602 0.435973 0.441352 0.446736 0.452123 0.457510 0.462895 0.468276 0.473651 0.479016 0.484370 0.489711 0.495035 0.500341 0.505626 0.510888 0.516125 0.521334 0.526512 0.531669 0.536816 0.541953 0.547080 0.552198 0.557306 0.562406 0.567497 0.572580 0.577655 0.582722 0.587782 0.592835 0.597881 0.602921 0.607955 0.612983 0.618006 0.623023 0.628036 0.633043 0.638047 0.643047 0.648043 0.653036 0.658025 0.663012 0.667997 0.672979 0.677960 0.682939 0.687917 0.692893 0.697867 0.702838 0.707806 0.712772 0.717734 0.722693 0.727648 0.732599 0.737547 0.742491 0.747430 0.752365 0.757296 0.762221 0.767142 0.772058 0.776968 0.781874 0.786773 0.791667 0.796555 0.801436 0.806312 0.811180 0.816043 0.820898 0.825747 0.830588 0.835422 0.840248 0.845067 0.849877 0.854679 0.859472 0.864257 0.869035 0.873804 0.878567 0.883322 0.888070 0.892812 0.897548 0.902278 0.907002 0.911721 0.916435 0.921144 0.925849 0.930549 0.935246 0.939939 0.944628 0.949314 0.953998 0.958679 0.963357 0.968034 0.972709 0.977383 0.982055 0.986727 0.991398 0.996069))
(time 0)
(channel blue)
(curve
    (curve-type smooth)
    (n-points 17)
    (points 34 0.000000 0.001961 -1.000000 -1.000000 0.121569 0.001961 -1.000000 -1.000000 0.247059 0.054390 -1.000000 -1.000000 0.372549 0.180870 -1.000000 -1.000000 0.498039 0.328319 -1.000000 -1.000000 0.623529 0.497803 -1.000000 -1.000000 0.749020 0.665890 -1.000000 -1.000000 0.874510 0.835076 -1.000000 -1.000000 1.000000 0.996066)
    (n-samples 256)
    (samples 256 0.001961 0.001545 0.001132 0.000724 0.000324 0.000000 0.000000 0.000000 0.000000 0.000000 0.000000 0.000000 0.000000 0.000000 0.000000 0.000000 0.000000 0.000000 0.000000 0.000000 0.000000 0.000000 0.000000 0.000000 0.000000 0.000000 0.000000 0.000000 0.000000 0.000454 0.001169 0.001961 0.002808 0.003685 0.004595 0.005539 0.006521 0.007541 0.008601 0.009705 0.010853 0.012049 0.013293 0.014589 0.015937 0.017341 0.018802 0.020323 0.021904 0.023549 0.025260 0.027038 0.028886 0.030805 0.032798 0.034867 0.037013 0.039240 0.041548 0.043940 0.046418 0.048985 0.051641 0.054390 0.057247 0.060223 0.063313 0.066513 0.069818 0.073223 0.076722 0.080312 0.083987 0.087742 0.091573 0.095475 0.099442 0.103471 0.107555 0.111691 0.115873 0.120097 0.124358 0.128650 0.132969 0.137311 0.141669 0.146040 0.150419 0.154800 0.159179 0.163550 0.167910 0.172253 0.176575 0.180870 0.185160 0.189469 0.193798 0.198147 0.202516 0.206904 0.211313 0.215741 0.220190 0.224659 0.229149 0.233659 0.238190 0.242741 0.247314 0.251907 0.256521 0.261156 0.265813 0.270490 0.275189 0.279910 0.284652 0.289416 0.294202 0.299009 0.303839 0.308690 0.313564 0.318460 0.323378 0.328319 0.333293 0.338309 0.343365 0.348460 0.353590 0.358753 0.363949 0.369173 0.374425 0.379702 0.385002 0.390323 0.395662 0.401018 0.406389 0.411771 0.417164 0.422564 0.427971 0.433380 0.438792 0.444203 0.449611 0.455014 0.460410 0.465797 0.471172 0.476534 0.481880 0.487208 0.492517 0.497803 0.503076 0.508345 0.513611 0.518873 0.524133 0.529390 0.534645 0.539897 0.545148 0.550396 0.555644 0.560890 0.566135 0.571379 0.576622 0.581865 0.587108 0.592351 0.597594 0.602838 0.608083 0.613329 0.618575 0.623824 0.629074 0.634326 0.639580 0.644836 0.650095 0.655357 0.660622 0.665890 0.671165 0.676449 0.681742 0.687042 0.692349 0.697661 0.702979 0.708301 0.713627 0.718955 0.724284 0.729614 0.734945 0.740274 0.745602 0.750927 0.756248 0.761565 0.766877 0.772183 0.777482 0.782774 0.788057 0.793330 0.798593 0.803845 0.809085 0.814312 0.819526 0.824725 0.829909 0.835076 0.840229 0.845370 0.850501 0.855620 0.860729 0.865827 0.870916 0.875996 0.881066 0.886128 0.891182 0.896228 0.901266 0.906297 0.911321 0.916339 0.921351 0.926358 0.931359 0.936355 0.941347 0.946334 0.951318 0.956299 0.961276 0.966251 0.971224 0.976194 0.981164 0.986132 0.991099 0.996066))
(time 0)
(channel alpha)
(curve
    (curve-type free)
    (n-points 17)
    (points 34 -1.000000 -1.000000 -1.000000 -1.000000 -1.000000 -1.000000 -1.000000 -1.000000 -1.000000 -1.000000 -1.000000 -1.000000 -1.000000 -1.000000 -1.000000 -1.000000 -1.000000 -1.000000 -1.000000 -1.000000 -1.000000 -1.000000 -1.000000 -1.000000 -1.000000 -1.000000 -1.000000 -1.000000 -1.000000 -1.000000 -1.000000 -1.000000 -1.000000 -1.000000)
    (n-samples 256)
    (samples 256 0.000000 0.003922 0.007843 0.011765 0.015686 0.019608 0.023529 0.027451 0.031373 0.035294 0.039216 0.043137 0.047059 0.050980 0.054902 0.058824 0.062745 0.066667 0.070588 0.074510 0.078431 0.082353 0.086275 0.090196 0.094118 0.098039 0.101961 0.105882 0.109804 0.113725 0.117647 0.121569 0.125490 0.129412 0.133333 0.137255 0.141176 0.145098 0.149020 0.152941 0.156863 0.160784 0.164706 0.168627 0.172549 0.176471 0.180392 0.184314 0.188235 0.192157 0.196078 0.200000 0.203922 0.207843 0.211765 0.215686 0.219608 0.223529 0.227451 0.231373 0.235294 0.239216 0.243137 0.247059 0.250980 0.254902 0.258824 0.262745 0.266667 0.270588 0.274510 0.278431 0.282353 0.286275 0.290196 0.294118 0.298039 0.301961 0.305882 0.309804 0.313725 0.317647 0.321569 0.325490 0.329412 0.333333 0.337255 0.341176 0.345098 0.349020 0.352941 0.356863 0.360784 0.364706 0.368627 0.372549 0.376471 0.380392 0.384314 0.388235 0.392157 0.396078 0.400000 0.403922 0.407843 0.411765 0.415686 0.419608 0.423529 0.427451 0.431373 0.435294 0.439216 0.443137 0.447059 0.450980 0.454902 0.458824 0.462745 0.466667 0.470588 0.474510 0.478431 0.482353 0.486275 0.490196 0.494118 0.498039 0.501961 0.505882 0.509804 0.513725 0.517647 0.521569 0.525490 0.529412 0.533333 0.537255 0.541176 0.545098 0.549020 0.552941 0.556863 0.560784 0.564706 0.568627 0.572549 0.576471 0.580392 0.584314 0.588235 0.592157 0.596078 0.600000 0.603922 0.607843 0.611765 0.615686 0.619608 0.623529 0.627451 0.631373 0.635294 0.639216 0.643137 0.647059 0.650980 0.654902 0.658824 0.662745 0.666667 0.670588 0.674510 0.678431 0.682353 0.686275 0.690196 0.694118 0.698039 0.701961 0.705882 0.709804 0.713725 0.717647 0.721569 0.725490 0.729412 0.733333 0.737255 0.741176 0.745098 0.749020 0.752941 0.756863 0.760784 0.764706 0.768627 0.772549 0.776471 0.780392 0.784314 0.788235 0.792157 0.796078 0.800000 0.803922 0.807843 0.811765 0.815686 0.819608 0.823529 0.827451 0.831373 0.835294 0.839216 0.843137 0.847059 0.850980 0.854902 0.858824 0.862745 0.866667 0.870588 0.874510 0.878431 0.882353 0.886275 0.890196 0.894118 0.898039 0.901961 0.905882 0.909804 0.913725 0.917647 0.921569 0.925490 0.929412 0.933333 0.937255 0.941176 0.945098 0.949020 0.952941 0.956863 0.960784 0.964706 0.968627 0.972549 0.976471 0.980392 0.984314 0.988235 0.992157 0.996078 1.000000))

# end of curves tool settings
