# GIMP curves tool settings

(time 0)
(time 0)
(channel value)
(curve
    (curve-type smooth)
    (n-points 17)
    (points 34 0.000000 0.000000 -1.000000 -1.000000 0.121569 0.121569 -1.000000 -1.000000 0.247059 0.247059 -1.000000 -1.000000 0.372549 0.372549 -1.000000 -1.000000 0.498039 0.498039 -1.000000 -1.000000 0.623529 0.623529 -1.000000 -1.000000 0.749020 0.749020 -1.000000 -1.000000 0.874510 0.874510 -1.000000 -1.000000 1.000000 1.000000)
    (n-samples 256)
    (samples 256 0.000000 0.003922 0.007843 0.011765 0.015686 0.019608 0.023530 0.027451 0.031373 0.035294 0.039216 0.043137 0.047059 0.050981 0.054902 0.058824 0.062745 0.066667 0.070589 0.074510 0.078432 0.082353 0.086275 0.090196 0.094118 0.098040 0.101961 0.105883 0.109804 0.113726 0.117647 0.121569 0.125491 0.129412 0.133334 0.137255 0.141177 0.145098 0.149020 0.152942 0.156863 0.160785 0.164706 0.168628 0.172549 0.176471 0.180392 0.184314 0.188236 0.192157 0.196079 0.200000 0.203922 0.207843 0.211765 0.215687 0.219608 0.223530 0.227451 0.231373 0.235294 0.239216 0.243137 0.247059 0.250981 0.254902 0.258824 0.262745 0.266667 0.270588 0.274510 0.278431 0.282353 0.286275 0.290196 0.294118 0.298039 0.301961 0.305882 0.309804 0.313726 0.317647 0.321569 0.325490 0.329412 0.333333 0.337255 0.341177 0.345098 0.349020 0.352941 0.356863 0.360784 0.364706 0.368627 0.372549 0.376471 0.380392 0.384314 0.388235 0.392157 0.396078 0.400000 0.403921 0.407843 0.411765 0.415686 0.419608 0.423529 0.427451 0.431372 0.435294 0.439216 0.443137 0.447059 0.450980 0.454902 0.458823 0.462745 0.466667 0.470588 0.474510 0.478431 0.482353 0.486274 0.490196 0.494117 0.498039 0.501961 0.505882 0.509804 0.513725 0.517647 0.521568 0.525490 0.529411 0.533333 0.537255 0.541176 0.545098 0.549019 0.552941 0.556862 0.560784 0.564705 0.568627 0.572549 0.576470 0.580392 0.584313 0.588235 0.592156 0.596078 0.600000 0.603921 0.607843 0.611764 0.615686 0.619607 0.623529 0.627451 0.631372 0.635294 0.639215 0.643137 0.647059 0.650980 0.654902 0.658823 0.662745 0.666666 0.670588 0.674510 0.678431 0.682353 0.686274 0.690196 0.694118 0.698039 0.701961 0.705883 0.709804 0.713726 0.717647 0.721569 0.725490 0.729412 0.733334 0.737255 0.741177 0.745098 0.749020 0.752942 0.756863 0.760785 0.764706 0.768628 0.772549 0.776471 0.780393 0.784314 0.788236 0.792157 0.796079 0.800000 0.803922 0.807844 0.811765 0.815687 0.819608 0.823530 0.827451 0.831373 0.835294 0.839216 0.843138 0.847059 0.850981 0.854902 0.858824 0.862745 0.866667 0.870588 0.874510 0.878432 0.882353 0.886275 0.890196 0.894118 0.898039 0.901961 0.905883 0.909804 0.913726 0.917647 0.921569 0.925490 0.929412 0.933333 0.937255 0.941177 0.945098 0.949020 0.952941 0.956863 0.960784 0.964706 0.968627 0.972549 0.976471 0.980392 0.984314 0.988235 0.992157 0.996078 1.000000))
(time 0)
(channel red)
(curve
    (curve-type smooth)
    (n-points 17)
    (points 34 0.000000 0.000430 -1.000000 -1.000000 0.121569 0.034226 -1.000000 -1.000000 0.247059 0.156268 -1.000000 -1.000000 0.372549 0.337497 -1.000000 -1.000000 0.498039 0.542195 -1.000000 -1.000000 0.623529 0.728355 -1.000000 -1.000000 0.749020 0.862534 -1.000000 -1.000000 0.874510 0.942754 -1.000000 -1.000000 1.000000 0.994413)
    (n-samples 256)
    (samples 256 0.000430 0.000829 0.001233 0.001645 0.002070 0.002512 0.002976 0.003466 0.003986 0.004541 0.005135 0.005771 0.006456 0.007192 0.007984 0.008836 0.009754 0.010740 0.011800 0.012938 0.014158 0.015464 0.016861 0.018353 0.019944 0.021639 0.023441 0.025356 0.027388 0.029541 0.031819 0.034226 0.036754 0.039389 0.042130 0.044972 0.047915 0.050955 0.054090 0.057318 0.060637 0.064043 0.067534 0.071109 0.074764 0.078497 0.082305 0.086187 0.090140 0.094161 0.098248 0.102398 0.106609 0.110879 0.115206 0.119586 0.124017 0.128497 0.133024 0.137594 0.142206 0.146858 0.151546 0.156268 0.161052 0.165926 0.170886 0.175929 0.181051 0.186250 0.191522 0.196864 0.202272 0.207743 0.213274 0.218863 0.224504 0.230196 0.235934 0.241717 0.247539 0.253399 0.259292 0.265216 0.271168 0.277143 0.283139 0.289152 0.295180 0.301219 0.307265 0.313316 0.319368 0.325417 0.331461 0.337497 0.343558 0.349680 0.355858 0.362088 0.368367 0.374690 0.381054 0.387456 0.393890 0.400354 0.406844 0.413354 0.419883 0.426426 0.432979 0.439538 0.446099 0.452659 0.459214 0.465760 0.472292 0.478808 0.485303 0.491774 0.498216 0.504626 0.511000 0.517334 0.523625 0.529868 0.536059 0.542195 0.548309 0.554434 0.560568 0.566707 0.572849 0.578990 0.585127 0.591257 0.597377 0.603484 0.609575 0.615647 0.621697 0.627721 0.633718 0.639682 0.645613 0.651506 0.657358 0.663167 0.668929 0.674641 0.680301 0.685904 0.691449 0.696932 0.702350 0.707699 0.712977 0.718182 0.723309 0.728355 0.733336 0.738268 0.743150 0.747984 0.752767 0.757501 0.762185 0.766819 0.771403 0.775936 0.780419 0.784851 0.789231 0.793561 0.797839 0.802066 0.806241 0.810364 0.814435 0.818453 0.822419 0.826333 0.830194 0.834002 0.837756 0.841457 0.845105 0.848699 0.852239 0.855725 0.859157 0.862534 0.865846 0.869082 0.872246 0.875339 0.878364 0.881323 0.884218 0.887052 0.889828 0.892547 0.895211 0.897824 0.900387 0.902902 0.905373 0.907802 0.910189 0.912539 0.914854 0.917135 0.919385 0.921606 0.923801 0.925972 0.928121 0.930251 0.932364 0.934462 0.936548 0.938624 0.940691 0.942754 0.944794 0.946793 0.948753 0.950676 0.952561 0.954412 0.956228 0.958012 0.959764 0.961486 0.963180 0.964846 0.966485 0.968100 0.969692 0.971261 0.972809 0.974338 0.975849 0.977342 0.978820 0.980283 0.981733 0.983172 0.984600 0.986019 0.987430 0.988834 0.990233 0.991629 0.993022 0.994413))
(time 0)
(channel green)
(curve
    (curve-type smooth)
    (n-points 17)
    (points 34 0.000000 0.000167 -1.000000 -1.000000 0.121569 0.023472 -1.000000 -1.000000 0.247059 0.139498 -1.000000 -1.000000 0.372549 0.318074 -1.000000 -1.000000 0.498039 0.520901 -1.000000 -1.000000 0.623529 0.705862 -1.000000 -1.000000 0.749020 0.849380 -1.000000 -1.000000 0.874510 0.952092 -1.000000 -1.000000 1.000000 0.994484)
    (n-samples 256)
    (samples 256 0.000167 0.000190 0.000217 0.000253 0.000303 0.000371 0.000462 0.000581 0.000731 0.000917 0.001145 0.001418 0.001742 0.002120 0.002557 0.003058 0.003628 0.004270 0.004990 0.005792 0.006680 0.007660 0.008735 0.009911 0.011191 0.012581 0.014085 0.015707 0.017452 0.019325 0.021330 0.023472 0.025741 0.028123 0.030616 0.033217 0.035923 0.038732 0.041641 0.044649 0.047751 0.050946 0.054231 0.057604 0.061062 0.064602 0.068222 0.071919 0.075691 0.079535 0.083449 0.087429 0.091475 0.095582 0.099749 0.103972 0.108250 0.112579 0.116958 0.121383 0.125852 0.130363 0.134912 0.139498 0.144150 0.148897 0.153735 0.158661 0.163672 0.168763 0.173933 0.179176 0.184489 0.189869 0.195313 0.200817 0.206377 0.211990 0.217653 0.223361 0.229112 0.234901 0.240726 0.246583 0.252468 0.258378 0.264310 0.270259 0.276222 0.282197 0.288178 0.294164 0.300150 0.306132 0.312108 0.318074 0.324065 0.330117 0.336227 0.342389 0.348601 0.354858 0.361157 0.367494 0.373865 0.380266 0.386693 0.393143 0.399611 0.406094 0.412588 0.419088 0.425592 0.432095 0.438594 0.445084 0.451561 0.458023 0.464464 0.470882 0.477272 0.483630 0.489953 0.496237 0.502477 0.508671 0.514813 0.520901 0.526963 0.533028 0.539094 0.545159 0.551222 0.557279 0.563329 0.569369 0.575397 0.581412 0.587411 0.593391 0.599351 0.605289 0.611202 0.617088 0.622946 0.628772 0.634565 0.640322 0.646042 0.651722 0.657360 0.662954 0.668502 0.674002 0.679451 0.684847 0.690189 0.695473 0.700698 0.705862 0.710974 0.716045 0.721075 0.726064 0.731012 0.735919 0.740786 0.745612 0.750397 0.755142 0.759846 0.764510 0.769133 0.773716 0.778259 0.782762 0.787224 0.791646 0.796028 0.800371 0.804673 0.808935 0.813158 0.817341 0.821484 0.825588 0.829652 0.833676 0.837661 0.841607 0.845513 0.849380 0.853217 0.857031 0.860820 0.864584 0.868320 0.872025 0.875700 0.879341 0.882947 0.886516 0.890046 0.893537 0.896984 0.900388 0.903746 0.907056 0.910317 0.913527 0.916684 0.919786 0.922832 0.925819 0.928746 0.931612 0.934413 0.937149 0.939818 0.942418 0.944947 0.947404 0.949786 0.952092 0.954316 0.956453 0.958509 0.960484 0.962381 0.964204 0.965956 0.967638 0.969254 0.970807 0.972299 0.973732 0.975111 0.976437 0.977714 0.978943 0.980128 0.981272 0.982377 0.983447 0.984483 0.985489 0.986467 0.987420 0.988352 0.989264 0.990159 0.991041 0.991911 0.992773 0.993630 0.994484))
(time 0)
(channel blue)
(curve
    (curve-type smooth)
    (n-points 17)
    (points 34 0.000000 0.000377 -1.000000 -1.000000 0.121569 0.030137 -1.000000 -1.000000 0.247059 0.160170 -1.000000 -1.000000 0.372549 0.335944 -1.000000 -1.000000 0.498039 0.545279 -1.000000 -1.000000 0.623529 0.719690 -1.000000 -1.000000 0.749020 0.867722 -1.000000 -1.000000 0.874510 0.965811 -1.000000 -1.000000 1.000000 0.995110)
    (n-samples 256)
    (samples 256 0.000377 0.000550 0.000727 0.000915 0.001117 0.001339 0.001585 0.001861 0.002171 0.002521 0.002915 0.003358 0.003856 0.004412 0.005033 0.005722 0.006485 0.007327 0.008253 0.009267 0.010375 0.011581 0.012890 0.014308 0.015838 0.017487 0.019259 0.021159 0.023192 0.025363 0.027676 0.030137 0.032746 0.035496 0.038383 0.041402 0.044548 0.047816 0.051202 0.054701 0.058308 0.062019 0.065828 0.069731 0.073723 0.077799 0.081955 0.086186 0.090487 0.094853 0.099280 0.103762 0.108296 0.112876 0.117497 0.122155 0.126845 0.131562 0.136302 0.141059 0.145829 0.150608 0.155390 0.160170 0.164976 0.169838 0.174754 0.179724 0.184745 0.189817 0.194940 0.200111 0.205329 0.210595 0.215905 0.221260 0.226658 0.232099 0.237580 0.243101 0.248660 0.254258 0.259891 0.265561 0.271264 0.277001 0.282769 0.288569 0.294398 0.300256 0.306142 0.312054 0.317991 0.323953 0.329937 0.335944 0.342010 0.348170 0.354416 0.360744 0.367146 0.373616 0.380148 0.386737 0.393374 0.400055 0.406773 0.413521 0.420294 0.427085 0.433888 0.440697 0.447505 0.454305 0.461093 0.467861 0.474604 0.481314 0.487987 0.494614 0.501191 0.507711 0.514167 0.520554 0.526865 0.533093 0.539234 0.545279 0.551254 0.557187 0.563080 0.568932 0.574745 0.580519 0.586256 0.591956 0.597619 0.603247 0.608841 0.614400 0.619927 0.625421 0.630884 0.636316 0.641718 0.647091 0.652436 0.657753 0.663043 0.668307 0.673546 0.678761 0.683951 0.689119 0.694265 0.699390 0.704494 0.709578 0.714643 0.719690 0.724726 0.729758 0.734782 0.739798 0.744802 0.749792 0.754767 0.759723 0.764660 0.769575 0.774465 0.779329 0.784164 0.788968 0.793740 0.798476 0.803175 0.807835 0.812453 0.817027 0.821556 0.826036 0.830466 0.834844 0.839167 0.843434 0.847641 0.851788 0.855872 0.859890 0.863841 0.867722 0.871552 0.875350 0.879115 0.882843 0.886535 0.890187 0.893799 0.897368 0.900893 0.904372 0.907804 0.911186 0.914517 0.917796 0.921020 0.924187 0.927297 0.930347 0.933335 0.936261 0.939121 0.941915 0.944641 0.947296 0.949880 0.952390 0.954825 0.957183 0.959462 0.961661 0.963778 0.965811 0.967752 0.969595 0.971343 0.973000 0.974569 0.976053 0.977455 0.978779 0.980026 0.981202 0.982308 0.983348 0.984325 0.985242 0.986103 0.986910 0.987666 0.988375 0.989041 0.989665 0.990252 0.990803 0.991324 0.991816 0.992283 0.992728 0.993154 0.993564 0.993961 0.994349 0.994731 0.995110))
(time 0)
(channel alpha)
(curve
    (curve-type free)
    (n-points 17)
    (points 34 -1.000000 -1.000000 -1.000000 -1.000000 -1.000000 -1.000000 -1.000000 -1.000000 -1.000000 -1.000000 -1.000000 -1.000000 -1.000000 -1.000000 -1.000000 -1.000000 -1.000000 -1.000000 -1.000000 -1.000000 -1.000000 -1.000000 -1.000000 -1.000000 -1.000000 -1.000000 -1.000000 -1.000000 -1.000000 -1.000000 -1.000000 -1.000000 -1.000000 -1.000000)
    (n-samples 256)
    (samples 256 0.000000 0.003922 0.007843 0.011765 0.015686 0.019608 0.023529 0.027451 0.031373 0.035294 0.039216 0.043137 0.047059 0.050980 0.054902 0.058824 0.062745 0.066667 0.070588 0.074510 0.078431 0.082353 0.086275 0.090196 0.094118 0.098039 0.101961 0.105882 0.109804 0.113725 0.117647 0.121569 0.125490 0.129412 0.133333 0.137255 0.141176 0.145098 0.149020 0.152941 0.156863 0.160784 0.164706 0.168627 0.172549 0.176471 0.180392 0.184314 0.188235 0.192157 0.196078 0.200000 0.203922 0.207843 0.211765 0.215686 0.219608 0.223529 0.227451 0.231373 0.235294 0.239216 0.243137 0.247059 0.250980 0.254902 0.258824 0.262745 0.266667 0.270588 0.274510 0.278431 0.282353 0.286275 0.290196 0.294118 0.298039 0.301961 0.305882 0.309804 0.313725 0.317647 0.321569 0.325490 0.329412 0.333333 0.337255 0.341176 0.345098 0.349020 0.352941 0.356863 0.360784 0.364706 0.368627 0.372549 0.376471 0.380392 0.384314 0.388235 0.392157 0.396078 0.400000 0.403922 0.407843 0.411765 0.415686 0.419608 0.423529 0.427451 0.431373 0.435294 0.439216 0.443137 0.447059 0.450980 0.454902 0.458824 0.462745 0.466667 0.470588 0.474510 0.478431 0.482353 0.486275 0.490196 0.494118 0.498039 0.501961 0.505882 0.509804 0.513725 0.517647 0.521569 0.525490 0.529412 0.533333 0.537255 0.541176 0.545098 0.549020 0.552941 0.556863 0.560784 0.564706 0.568627 0.572549 0.576471 0.580392 0.584314 0.588235 0.592157 0.596078 0.600000 0.603922 0.607843 0.611765 0.615686 0.619608 0.623529 0.627451 0.631373 0.635294 0.639216 0.643137 0.647059 0.650980 0.654902 0.658824 0.662745 0.666667 0.670588 0.674510 0.678431 0.682353 0.686275 0.690196 0.694118 0.698039 0.701961 0.705882 0.709804 0.713725 0.717647 0.721569 0.725490 0.729412 0.733333 0.737255 0.741176 0.745098 0.749020 0.752941 0.756863 0.760784 0.764706 0.768627 0.772549 0.776471 0.780392 0.784314 0.788235 0.792157 0.796078 0.800000 0.803922 0.807843 0.811765 0.815686 0.819608 0.823529 0.827451 0.831373 0.835294 0.839216 0.843137 0.847059 0.850980 0.854902 0.858824 0.862745 0.866667 0.870588 0.874510 0.878431 0.882353 0.886275 0.890196 0.894118 0.898039 0.901961 0.905882 0.909804 0.913725 0.917647 0.921569 0.925490 0.929412 0.933333 0.937255 0.941176 0.945098 0.949020 0.952941 0.956863 0.960784 0.964706 0.968627 0.972549 0.976471 0.980392 0.984314 0.988235 0.992157 0.996078 1.000000))

# end of curves tool settings
