# GIMP curves tool settings

(time 0)
(time 0)
(channel value)
(curve
    (curve-type smooth)
    (n-points 17)
    (points 34 0.000000 0.000000 -1.000000 -1.000000 0.121569 0.121569 -1.000000 -1.000000 0.247059 0.247059 -1.000000 -1.000000 0.372549 0.372549 -1.000000 -1.000000 0.498039 0.498039 -1.000000 -1.000000 0.623529 0.623529 -1.000000 -1.000000 0.749020 0.749020 -1.000000 -1.000000 0.874510 0.874510 -1.000000 -1.000000 1.000000 1.000000)
    (n-samples 256)
    (samples 256 0.000000 0.003922 0.007843 0.011765 0.015686 0.019608 0.023530 0.027451 0.031373 0.035294 0.039216 0.043137 0.047059 0.050981 0.054902 0.058824 0.062745 0.066667 0.070589 0.074510 0.078432 0.082353 0.086275 0.090196 0.094118 0.098040 0.101961 0.105883 0.109804 0.113726 0.117647 0.121569 0.125491 0.129412 0.133334 0.137255 0.141177 0.145098 0.149020 0.152942 0.156863 0.160785 0.164706 0.168628 0.172549 0.176471 0.180392 0.184314 0.188236 0.192157 0.196079 0.200000 0.203922 0.207843 0.211765 0.215687 0.219608 0.223530 0.227451 0.231373 0.235294 0.239216 0.243137 0.247059 0.250981 0.254902 0.258824 0.262745 0.266667 0.270588 0.274510 0.278431 0.282353 0.286275 0.290196 0.294118 0.298039 0.301961 0.305882 0.309804 0.313726 0.317647 0.321569 0.325490 0.329412 0.333333 0.337255 0.341177 0.345098 0.349020 0.352941 0.356863 0.360784 0.364706 0.368627 0.372549 0.376471 0.380392 0.384314 0.388235 0.392157 0.396078 0.400000 0.403921 0.407843 0.411765 0.415686 0.419608 0.423529 0.427451 0.431372 0.435294 0.439216 0.443137 0.447059 0.450980 0.454902 0.458823 0.462745 0.466667 0.470588 0.474510 0.478431 0.482353 0.486274 0.490196 0.494117 0.498039 0.501961 0.505882 0.509804 0.513725 0.517647 0.521568 0.525490 0.529411 0.533333 0.537255 0.541176 0.545098 0.549019 0.552941 0.556862 0.560784 0.564705 0.568627 0.572549 0.576470 0.580392 0.584313 0.588235 0.592156 0.596078 0.600000 0.603921 0.607843 0.611764 0.615686 0.619607 0.623529 0.627451 0.631372 0.635294 0.639215 0.643137 0.647059 0.650980 0.654902 0.658823 0.662745 0.666666 0.670588 0.674510 0.678431 0.682353 0.686274 0.690196 0.694118 0.698039 0.701961 0.705883 0.709804 0.713726 0.717647 0.721569 0.725490 0.729412 0.733334 0.737255 0.741177 0.745098 0.749020 0.752942 0.756863 0.760785 0.764706 0.768628 0.772549 0.776471 0.780393 0.784314 0.788236 0.792157 0.796079 0.800000 0.803922 0.807844 0.811765 0.815687 0.819608 0.823530 0.827451 0.831373 0.835294 0.839216 0.843138 0.847059 0.850981 0.854902 0.858824 0.862745 0.866667 0.870588 0.874510 0.878432 0.882353 0.886275 0.890196 0.894118 0.898039 0.901961 0.905883 0.909804 0.913726 0.917647 0.921569 0.925490 0.929412 0.933333 0.937255 0.941177 0.945098 0.949020 0.952941 0.956863 0.960784 0.964706 0.968627 0.972549 0.976471 0.980392 0.984314 0.988235 0.992157 0.996078 1.000000))
(time 0)
(channel red)
(curve
    (curve-type smooth)
    (n-points 17)
    (points 34 0.000000 0.000058 -1.000000 -1.000000 0.121569 0.013332 -1.000000 -1.000000 0.247059 0.092201 -1.000000 -1.000000 0.372549 0.228389 -1.000000 -1.000000 0.498039 0.407339 -1.000000 -1.000000 0.623529 0.610095 -1.000000 -1.000000 0.749020 0.797573 -1.000000 -1.000000 0.874510 0.937331 -1.000000 -1.000000 1.000000 0.993303)
    (n-samples 256)
    (samples 256 0.000058 0.000000 0.000000 0.000000 0.000000 0.000000 0.000000 0.000000 0.000000 0.000000 0.000000 0.000000 0.000000 0.000083 0.000289 0.000539 0.000838 0.001189 0.001595 0.002058 0.002583 0.003173 0.003831 0.004559 0.005362 0.006242 0.007203 0.008248 0.009380 0.010603 0.011919 0.013332 0.014829 0.016395 0.018029 0.019730 0.021498 0.023332 0.025232 0.027197 0.029225 0.031318 0.033474 0.035692 0.037972 0.040313 0.042714 0.045176 0.047697 0.050276 0.052914 0.055609 0.058360 0.061168 0.064032 0.066950 0.069923 0.072950 0.076029 0.079161 0.082345 0.085580 0.088865 0.092201 0.095596 0.099060 0.102592 0.106189 0.109852 0.113578 0.117366 0.121216 0.125124 0.129091 0.133115 0.137194 0.141328 0.145514 0.149752 0.154040 0.158377 0.162761 0.167192 0.171668 0.176187 0.180748 0.185350 0.189992 0.194672 0.199389 0.204141 0.208927 0.213747 0.218598 0.223479 0.228389 0.233343 0.238355 0.243425 0.248549 0.253726 0.258956 0.264235 0.269562 0.274935 0.280354 0.285815 0.291317 0.296859 0.302438 0.308054 0.313703 0.319386 0.325099 0.330841 0.336610 0.342405 0.348223 0.354064 0.359925 0.365805 0.371702 0.377614 0.383539 0.389476 0.395422 0.401378 0.407339 0.413333 0.419385 0.425492 0.431649 0.437853 0.444101 0.450388 0.456712 0.463069 0.469455 0.475867 0.482300 0.488752 0.495220 0.501698 0.508184 0.514674 0.521165 0.527653 0.534134 0.540605 0.547063 0.553503 0.559922 0.566317 0.572684 0.579019 0.585319 0.591580 0.597799 0.603972 0.610095 0.616200 0.622319 0.628449 0.634587 0.640730 0.646874 0.653018 0.659157 0.665290 0.671412 0.677522 0.683615 0.689690 0.695743 0.701771 0.707771 0.713741 0.719677 0.725576 0.731435 0.737252 0.743023 0.748746 0.754417 0.760033 0.765592 0.771091 0.776526 0.781895 0.787194 0.792421 0.797573 0.802680 0.807772 0.812846 0.817899 0.822927 0.827928 0.832897 0.837832 0.842728 0.847584 0.852396 0.857159 0.861872 0.866530 0.871131 0.875671 0.880147 0.884555 0.888892 0.893155 0.897341 0.901446 0.905467 0.909401 0.913244 0.916993 0.920645 0.924197 0.927644 0.930985 0.934215 0.937331 0.940329 0.943207 0.945971 0.948623 0.951168 0.953610 0.955951 0.958197 0.960351 0.962416 0.964398 0.966298 0.968122 0.969873 0.971555 0.973172 0.974727 0.976225 0.977669 0.979064 0.980412 0.981718 0.982986 0.984219 0.985422 0.986598 0.987750 0.988884 0.990002 0.991109 0.992208 0.993303))
(time 0)
(channel green)
(curve
    (curve-type smooth)
    (n-points 17)
    (points 34 0.000000 0.008824 -1.000000 -1.000000 0.121569 0.140109 -1.000000 -1.000000 0.247059 0.324052 -1.000000 -1.000000 0.372549 0.497982 -1.000000 -1.000000 0.498039 0.655209 -1.000000 -1.000000 0.623529 0.789734 -1.000000 -1.000000 0.749020 0.900202 -1.000000 -1.000000 0.874510 0.969304 -1.000000 -1.000000 1.000000 0.997007)
    (n-samples 256)
    (samples 256 0.008824 0.012675 0.016529 0.020387 0.024252 0.028127 0.032015 0.035916 0.039834 0.043772 0.047731 0.051714 0.055723 0.059762 0.063831 0.067934 0.072073 0.076250 0.080469 0.084730 0.089037 0.093392 0.097797 0.102256 0.106769 0.111340 0.115971 0.120664 0.125422 0.130247 0.135142 0.140109 0.145163 0.150315 0.155559 0.160890 0.166303 0.171792 0.177352 0.182979 0.188666 0.194408 0.200200 0.206037 0.211914 0.217825 0.223765 0.229728 0.235710 0.241705 0.247707 0.253713 0.259715 0.265710 0.271691 0.277653 0.283592 0.289502 0.295377 0.301213 0.307003 0.312743 0.318428 0.324052 0.329642 0.335228 0.340810 0.346387 0.351958 0.357522 0.363080 0.368630 0.374172 0.379705 0.385229 0.390743 0.396246 0.401739 0.407219 0.412687 0.418142 0.423583 0.429010 0.434422 0.439818 0.445199 0.450562 0.455909 0.461237 0.466547 0.471838 0.477108 0.482359 0.487588 0.492796 0.497982 0.503151 0.508309 0.513455 0.518590 0.523712 0.528820 0.533915 0.538995 0.544061 0.549111 0.554145 0.559163 0.564164 0.569147 0.574112 0.579058 0.583985 0.588893 0.593780 0.598646 0.603490 0.608313 0.613113 0.617890 0.622643 0.627373 0.632077 0.636756 0.641409 0.646036 0.650636 0.655209 0.659757 0.664284 0.668791 0.673275 0.677739 0.682181 0.686602 0.691000 0.695377 0.699732 0.704065 0.708376 0.712664 0.716930 0.721173 0.725394 0.729592 0.733767 0.737918 0.742047 0.746152 0.750234 0.754292 0.758326 0.762337 0.766324 0.770286 0.774225 0.778139 0.782029 0.785894 0.789734 0.793558 0.797375 0.801181 0.804976 0.808759 0.812526 0.816278 0.820012 0.823727 0.827421 0.831092 0.834739 0.838361 0.841956 0.845521 0.849057 0.852560 0.856030 0.859465 0.862863 0.866223 0.869543 0.872822 0.876057 0.879248 0.882393 0.885490 0.888537 0.891534 0.894478 0.897368 0.900202 0.902988 0.905733 0.908438 0.911102 0.913726 0.916310 0.918853 0.921356 0.923819 0.926241 0.928623 0.930964 0.933265 0.935526 0.937746 0.939926 0.942065 0.944164 0.946223 0.948241 0.950218 0.952156 0.954052 0.955909 0.957725 0.959500 0.961235 0.962930 0.964584 0.966198 0.967771 0.969304 0.970787 0.972210 0.973577 0.974889 0.976148 0.977356 0.978515 0.979626 0.980691 0.981713 0.982694 0.983634 0.984537 0.985404 0.986236 0.987037 0.987807 0.988548 0.989263 0.989954 0.990621 0.991268 0.991896 0.992507 0.993103 0.993685 0.994256 0.994818 0.995372 0.995920 0.996464 0.997007))
(time 0)
(channel blue)
(curve
    (curve-type smooth)
    (n-points 17)
    (points 34 0.000000 0.000495 -1.000000 -1.000000 0.121569 0.035825 -1.000000 -1.000000 0.247059 0.149480 -1.000000 -1.000000 0.372549 0.305398 -1.000000 -1.000000 0.498039 0.491352 -1.000000 -1.000000 0.623529 0.670305 -1.000000 -1.000000 0.749020 0.838898 -1.000000 -1.000000 0.874510 0.951301 -1.000000 -1.000000 1.000000 0.994118)
    (n-samples 256)
    (samples 256 0.000495 0.001023 0.001554 0.002093 0.002644 0.003210 0.003795 0.004403 0.005038 0.005704 0.006403 0.007141 0.007922 0.008748 0.009623 0.010553 0.011539 0.012587 0.013700 0.014882 0.016136 0.017467 0.018879 0.020374 0.021957 0.023632 0.025403 0.027273 0.029247 0.031327 0.033519 0.035825 0.038243 0.040765 0.043388 0.046108 0.048924 0.051831 0.054826 0.057907 0.061071 0.064314 0.067633 0.071025 0.074487 0.078016 0.081610 0.085264 0.088975 0.092742 0.096559 0.100426 0.104338 0.108292 0.112285 0.116314 0.120377 0.124469 0.128588 0.132732 0.136895 0.141077 0.145273 0.149480 0.153718 0.158009 0.162351 0.166742 0.171182 0.175670 0.180204 0.184784 0.189408 0.194075 0.198784 0.203534 0.208324 0.213152 0.218018 0.222920 0.227858 0.232830 0.237835 0.242872 0.247939 0.253037 0.258163 0.263316 0.268496 0.273701 0.278930 0.284182 0.289456 0.294751 0.300065 0.305398 0.310772 0.316208 0.321703 0.327253 0.332855 0.338505 0.344201 0.349939 0.355715 0.361525 0.367368 0.373239 0.379134 0.385051 0.390986 0.396935 0.402896 0.408865 0.414838 0.420812 0.426784 0.432750 0.438707 0.444652 0.450580 0.456490 0.462377 0.468237 0.474069 0.479867 0.485629 0.491352 0.497052 0.502748 0.508440 0.514127 0.519809 0.525487 0.531159 0.536825 0.542486 0.548140 0.553787 0.559427 0.565061 0.570686 0.576304 0.581914 0.587515 0.593107 0.598690 0.604264 0.609828 0.615382 0.620926 0.626459 0.631981 0.637492 0.642992 0.648479 0.653955 0.659418 0.664868 0.670305 0.675752 0.681229 0.686733 0.692259 0.697803 0.703360 0.708927 0.714499 0.720072 0.725642 0.731204 0.736755 0.742291 0.747806 0.753298 0.758761 0.764191 0.769585 0.774938 0.780246 0.785505 0.790710 0.795858 0.800943 0.805963 0.810912 0.815787 0.820583 0.825297 0.829923 0.834458 0.838898 0.843267 0.847594 0.851876 0.856113 0.860303 0.864445 0.868538 0.872581 0.876572 0.880510 0.884394 0.888223 0.891995 0.895709 0.899365 0.902960 0.906495 0.909966 0.913373 0.916716 0.919992 0.923200 0.926340 0.929410 0.932409 0.935335 0.938187 0.940965 0.943666 0.946290 0.948835 0.951301 0.953676 0.955952 0.958133 0.960221 0.962220 0.964133 0.965963 0.967713 0.969388 0.970988 0.972519 0.973983 0.975383 0.976723 0.978005 0.979233 0.980410 0.981540 0.982625 0.983668 0.984673 0.985643 0.986581 0.987491 0.988375 0.989237 0.990080 0.990906 0.991720 0.992525 0.993323 0.994118))
(time 0)
(channel alpha)
(curve
    (curve-type free)
    (n-points 17)
    (points 34 -1.000000 -1.000000 -1.000000 -1.000000 -1.000000 -1.000000 -1.000000 -1.000000 -1.000000 -1.000000 -1.000000 -1.000000 -1.000000 -1.000000 -1.000000 -1.000000 -1.000000 -1.000000 -1.000000 -1.000000 -1.000000 -1.000000 -1.000000 -1.000000 -1.000000 -1.000000 -1.000000 -1.000000 -1.000000 -1.000000 -1.000000 -1.000000 -1.000000 -1.000000)
    (n-samples 256)
    (samples 256 0.000000 0.003922 0.007843 0.011765 0.015686 0.019608 0.023529 0.027451 0.031373 0.035294 0.039216 0.043137 0.047059 0.050980 0.054902 0.058824 0.062745 0.066667 0.070588 0.074510 0.078431 0.082353 0.086275 0.090196 0.094118 0.098039 0.101961 0.105882 0.109804 0.113725 0.117647 0.121569 0.125490 0.129412 0.133333 0.137255 0.141176 0.145098 0.149020 0.152941 0.156863 0.160784 0.164706 0.168627 0.172549 0.176471 0.180392 0.184314 0.188235 0.192157 0.196078 0.200000 0.203922 0.207843 0.211765 0.215686 0.219608 0.223529 0.227451 0.231373 0.235294 0.239216 0.243137 0.247059 0.250980 0.254902 0.258824 0.262745 0.266667 0.270588 0.274510 0.278431 0.282353 0.286275 0.290196 0.294118 0.298039 0.301961 0.305882 0.309804 0.313725 0.317647 0.321569 0.325490 0.329412 0.333333 0.337255 0.341176 0.345098 0.349020 0.352941 0.356863 0.360784 0.364706 0.368627 0.372549 0.376471 0.380392 0.384314 0.388235 0.392157 0.396078 0.400000 0.403922 0.407843 0.411765 0.415686 0.419608 0.423529 0.427451 0.431373 0.435294 0.439216 0.443137 0.447059 0.450980 0.454902 0.458824 0.462745 0.466667 0.470588 0.474510 0.478431 0.482353 0.486275 0.490196 0.494118 0.498039 0.501961 0.505882 0.509804 0.513725 0.517647 0.521569 0.525490 0.529412 0.533333 0.537255 0.541176 0.545098 0.549020 0.552941 0.556863 0.560784 0.564706 0.568627 0.572549 0.576471 0.580392 0.584314 0.588235 0.592157 0.596078 0.600000 0.603922 0.607843 0.611765 0.615686 0.619608 0.623529 0.627451 0.631373 0.635294 0.639216 0.643137 0.647059 0.650980 0.654902 0.658824 0.662745 0.666667 0.670588 0.674510 0.678431 0.682353 0.686275 0.690196 0.694118 0.698039 0.701961 0.705882 0.709804 0.713725 0.717647 0.721569 0.725490 0.729412 0.733333 0.737255 0.741176 0.745098 0.749020 0.752941 0.756863 0.760784 0.764706 0.768627 0.772549 0.776471 0.780392 0.784314 0.788235 0.792157 0.796078 0.800000 0.803922 0.807843 0.811765 0.815686 0.819608 0.823529 0.827451 0.831373 0.835294 0.839216 0.843137 0.847059 0.850980 0.854902 0.858824 0.862745 0.866667 0.870588 0.874510 0.878431 0.882353 0.886275 0.890196 0.894118 0.898039 0.901961 0.905882 0.909804 0.913725 0.917647 0.921569 0.925490 0.929412 0.933333 0.937255 0.941176 0.945098 0.949020 0.952941 0.956863 0.960784 0.964706 0.968627 0.972549 0.976471 0.980392 0.984314 0.988235 0.992157 0.996078 1.000000))

# end of curves tool settings
