# GIMP curves tool settings

(time 0)
(time 0)
(channel value)
(curve
    (curve-type smooth)
    (n-points 17)
    (points 34 0.000000 0.000000 -1.000000 -1.000000 0.121569 0.121569 -1.000000 -1.000000 0.247059 0.247059 -1.000000 -1.000000 0.372549 0.372549 -1.000000 -1.000000 0.498039 0.498039 -1.000000 -1.000000 0.623529 0.623529 -1.000000 -1.000000 0.749020 0.749020 -1.000000 -1.000000 0.874510 0.874510 -1.000000 -1.000000 1.000000 1.000000)
    (n-samples 256)
    (samples 256 0.000000 0.003922 0.007843 0.011765 0.015686 0.019608 0.023530 0.027451 0.031373 0.035294 0.039216 0.043137 0.047059 0.050981 0.054902 0.058824 0.062745 0.066667 0.070589 0.074510 0.078432 0.082353 0.086275 0.090196 0.094118 0.098040 0.101961 0.105883 0.109804 0.113726 0.117647 0.121569 0.125491 0.129412 0.133334 0.137255 0.141177 0.145098 0.149020 0.152942 0.156863 0.160785 0.164706 0.168628 0.172549 0.176471 0.180392 0.184314 0.188236 0.192157 0.196079 0.200000 0.203922 0.207843 0.211765 0.215687 0.219608 0.223530 0.227451 0.231373 0.235294 0.239216 0.243137 0.247059 0.250981 0.254902 0.258824 0.262745 0.266667 0.270588 0.274510 0.278431 0.282353 0.286275 0.290196 0.294118 0.298039 0.301961 0.305882 0.309804 0.313726 0.317647 0.321569 0.325490 0.329412 0.333333 0.337255 0.341177 0.345098 0.349020 0.352941 0.356863 0.360784 0.364706 0.368627 0.372549 0.376471 0.380392 0.384314 0.388235 0.392157 0.396078 0.400000 0.403921 0.407843 0.411765 0.415686 0.419608 0.423529 0.427451 0.431372 0.435294 0.439216 0.443137 0.447059 0.450980 0.454902 0.458823 0.462745 0.466667 0.470588 0.474510 0.478431 0.482353 0.486274 0.490196 0.494117 0.498039 0.501961 0.505882 0.509804 0.513725 0.517647 0.521568 0.525490 0.529411 0.533333 0.537255 0.541176 0.545098 0.549019 0.552941 0.556862 0.560784 0.564705 0.568627 0.572549 0.576470 0.580392 0.584313 0.588235 0.592156 0.596078 0.600000 0.603921 0.607843 0.611764 0.615686 0.619607 0.623529 0.627451 0.631372 0.635294 0.639215 0.643137 0.647059 0.650980 0.654902 0.658823 0.662745 0.666666 0.670588 0.674510 0.678431 0.682353 0.686274 0.690196 0.694118 0.698039 0.701961 0.705883 0.709804 0.713726 0.717647 0.721569 0.725490 0.729412 0.733334 0.737255 0.741177 0.745098 0.749020 0.752942 0.756863 0.760785 0.764706 0.768628 0.772549 0.776471 0.780393 0.784314 0.788236 0.792157 0.796079 0.800000 0.803922 0.807844 0.811765 0.815687 0.819608 0.823530 0.827451 0.831373 0.835294 0.839216 0.843138 0.847059 0.850981 0.854902 0.858824 0.862745 0.866667 0.870588 0.874510 0.878432 0.882353 0.886275 0.890196 0.894118 0.898039 0.901961 0.905883 0.909804 0.913726 0.917647 0.921569 0.925490 0.929412 0.933333 0.937255 0.941177 0.945098 0.949020 0.952941 0.956863 0.960784 0.964706 0.968627 0.972549 0.976471 0.980392 0.984314 0.988235 0.992157 0.996078 1.000000))
(time 0)
(channel red)
(curve
    (curve-type smooth)
    (n-points 17)
    (points 34 0.000000 0.004412 -1.000000 -1.000000 0.121569 0.137411 -1.000000 -1.000000 0.247059 0.308078 -1.000000 -1.000000 0.372549 0.470911 -1.000000 -1.000000 0.498039 0.617224 -1.000000 -1.000000 0.623529 0.745202 -1.000000 -1.000000 0.749020 0.851077 -1.000000 -1.000000 0.874510 0.936608 -1.000000 -1.000000 1.000000 0.991056)
    (n-samples 256)
    (samples 256 0.004412 0.008438 0.012465 0.016496 0.020531 0.024573 0.028624 0.032684 0.036756 0.040841 0.044942 0.049058 0.053193 0.057348 0.061524 0.065723 0.069947 0.074198 0.078477 0.082785 0.087125 0.091498 0.095906 0.100350 0.104832 0.109354 0.113917 0.118523 0.123174 0.127871 0.132616 0.137411 0.142266 0.147190 0.152178 0.157226 0.162331 0.167490 0.172698 0.177952 0.183247 0.188582 0.193950 0.199350 0.204776 0.210226 0.215696 0.221181 0.226679 0.232185 0.237696 0.243208 0.248717 0.254220 0.259713 0.265192 0.270654 0.276094 0.281509 0.286895 0.292249 0.297566 0.302844 0.308078 0.313289 0.318500 0.323711 0.328920 0.334127 0.339330 0.344529 0.349724 0.354914 0.360096 0.365272 0.370440 0.375599 0.380749 0.385888 0.391017 0.396133 0.401237 0.406327 0.411403 0.416464 0.421509 0.426537 0.431548 0.436541 0.441514 0.446468 0.451401 0.456313 0.461202 0.466068 0.470911 0.475734 0.480543 0.485337 0.490116 0.494880 0.499629 0.504363 0.509081 0.513783 0.518469 0.523140 0.527794 0.532432 0.537053 0.541658 0.546246 0.550817 0.555370 0.559907 0.564425 0.568927 0.573410 0.577875 0.582322 0.586751 0.591161 0.595553 0.599925 0.604279 0.608613 0.612928 0.617224 0.621503 0.625767 0.630016 0.634250 0.638468 0.642670 0.646856 0.651026 0.655178 0.659313 0.663431 0.667530 0.671611 0.675673 0.679717 0.683740 0.687744 0.691728 0.695692 0.699635 0.703557 0.707457 0.711335 0.715191 0.719025 0.722836 0.726624 0.730388 0.734128 0.737844 0.741535 0.745202 0.748844 0.752464 0.756060 0.759633 0.763184 0.766712 0.770218 0.773702 0.777163 0.780603 0.784021 0.787418 0.790793 0.794147 0.797480 0.800792 0.804084 0.807355 0.810605 0.813835 0.817045 0.820236 0.823406 0.826557 0.829688 0.832800 0.835893 0.838967 0.842022 0.845059 0.848077 0.851077 0.854063 0.857038 0.860003 0.862954 0.865893 0.868817 0.871726 0.874619 0.877494 0.880351 0.883189 0.886007 0.888804 0.891578 0.894330 0.897057 0.899759 0.902435 0.905084 0.907704 0.910296 0.912858 0.915389 0.917888 0.920353 0.922785 0.925182 0.927543 0.929867 0.932153 0.934401 0.936608 0.938773 0.940893 0.942971 0.945008 0.947004 0.948963 0.950884 0.952770 0.954621 0.956440 0.958228 0.959986 0.961715 0.963417 0.965094 0.966746 0.968376 0.969984 0.971572 0.973142 0.974695 0.976232 0.977755 0.979265 0.980764 0.982253 0.983733 0.985206 0.986674 0.988137 0.989597 0.991056))
(time 0)
(channel green)
(curve
    (curve-type smooth)
    (n-points 17)
    (points 34 0.000000 0.033824 -1.000000 -1.000000 0.121569 0.044738 -1.000000 -1.000000 0.247059 0.161690 -1.000000 -1.000000 0.372549 0.319742 -1.000000 -1.000000 0.498039 0.492767 -1.000000 -1.000000 0.623529 0.662258 -1.000000 -1.000000 0.749020 0.830133 -1.000000 -1.000000 0.874510 0.940380 -1.000000 -1.000000 1.000000 0.996802)
    (n-samples 256)
    (samples 256 0.033824 0.033338 0.032858 0.032387 0.031933 0.031500 0.031092 0.030716 0.030377 0.030080 0.029830 0.029632 0.029492 0.029414 0.029405 0.029469 0.029612 0.029838 0.030153 0.030563 0.031072 0.031686 0.032410 0.033249 0.034209 0.035294 0.036510 0.037862 0.039356 0.040996 0.042789 0.044738 0.046848 0.049116 0.051534 0.054099 0.056804 0.059642 0.062610 0.065700 0.068906 0.072225 0.075648 0.079171 0.082788 0.086493 0.090281 0.094145 0.098080 0.102080 0.106139 0.110252 0.114413 0.118616 0.122855 0.127124 0.131419 0.135732 0.140059 0.144393 0.148729 0.153061 0.157383 0.161690 0.166019 0.170412 0.174865 0.179377 0.183945 0.188567 0.193240 0.197962 0.202731 0.207543 0.212398 0.217291 0.222222 0.227187 0.232184 0.237211 0.242266 0.247345 0.252447 0.257570 0.262710 0.267865 0.273034 0.278213 0.283400 0.288594 0.293790 0.298988 0.304185 0.309377 0.314564 0.319742 0.324931 0.330151 0.335401 0.340678 0.345981 0.351308 0.356658 0.362028 0.367418 0.372825 0.378248 0.383685 0.389134 0.394594 0.400063 0.405540 0.411021 0.416507 0.421995 0.427483 0.432971 0.438455 0.443935 0.449408 0.454874 0.460330 0.465774 0.471206 0.476622 0.482023 0.487405 0.492767 0.498116 0.503460 0.508799 0.514134 0.519463 0.524788 0.530109 0.535426 0.540739 0.546048 0.551354 0.556656 0.561955 0.567251 0.572544 0.577834 0.583122 0.588408 0.593691 0.598973 0.604252 0.609530 0.614807 0.620082 0.625356 0.630629 0.635901 0.641173 0.646445 0.651716 0.656987 0.662258 0.667555 0.672900 0.678288 0.683714 0.689172 0.694658 0.700166 0.705691 0.711228 0.716773 0.722319 0.727862 0.733396 0.738917 0.744420 0.749898 0.755348 0.760763 0.766140 0.771472 0.776754 0.781982 0.787151 0.792254 0.797288 0.802246 0.807124 0.811917 0.816620 0.821227 0.825733 0.830133 0.834449 0.838705 0.842902 0.847039 0.851119 0.855140 0.859103 0.863008 0.866857 0.870648 0.874383 0.878062 0.881685 0.885252 0.888765 0.892222 0.895626 0.898975 0.902270 0.905512 0.908701 0.911837 0.914921 0.917953 0.920934 0.923863 0.926741 0.929569 0.932346 0.935073 0.937751 0.940380 0.942945 0.945434 0.947849 0.950192 0.952467 0.954675 0.956819 0.958901 0.960924 0.962890 0.964803 0.966663 0.968474 0.970239 0.971959 0.973637 0.975276 0.976878 0.978445 0.979980 0.981486 0.982965 0.984419 0.985850 0.987262 0.988657 0.990037 0.991405 0.992763 0.994113 0.995459 0.996802))
(time 0)
(channel blue)
(curve
    (curve-type smooth)
    (n-points 17)
    (points 34 0.000000 0.140723 -1.000000 -1.000000 0.121569 0.295178 -1.000000 -1.000000 0.247059 0.504249 -1.000000 -1.000000 0.372549 0.648502 -1.000000 -1.000000 0.498039 0.757808 -1.000000 -1.000000 0.623529 0.853601 -1.000000 -1.000000 0.749020 0.928529 -1.000000 -1.000000 0.874510 0.975401 -1.000000 -1.000000 1.000000 0.992089)
    (n-samples 256)
    (samples 256 0.140723 0.145312 0.149903 0.154500 0.159103 0.163717 0.168343 0.172983 0.177641 0.182318 0.187018 0.191742 0.196493 0.201274 0.206087 0.210934 0.215818 0.220741 0.225707 0.230716 0.235772 0.240878 0.246035 0.251246 0.256514 0.261840 0.267229 0.272681 0.278199 0.283787 0.289445 0.295178 0.301026 0.307022 0.313156 0.319418 0.325796 0.332282 0.338863 0.345530 0.352273 0.359081 0.365944 0.372851 0.379791 0.386755 0.393732 0.400712 0.407684 0.414637 0.421562 0.428448 0.435285 0.442062 0.448768 0.455394 0.461929 0.468362 0.474684 0.480883 0.486949 0.492873 0.498643 0.504249 0.509724 0.515109 0.520407 0.525621 0.530754 0.535807 0.540785 0.545689 0.550522 0.555288 0.559989 0.564627 0.569206 0.573727 0.578195 0.582611 0.586978 0.591299 0.595578 0.599815 0.604015 0.608180 0.612312 0.616415 0.620491 0.624543 0.628574 0.632586 0.636582 0.640565 0.644537 0.648502 0.652437 0.656318 0.660149 0.663930 0.667664 0.671353 0.674998 0.678602 0.682167 0.685695 0.689187 0.692645 0.696072 0.699470 0.702840 0.706184 0.709504 0.712803 0.716082 0.719344 0.722589 0.725821 0.729041 0.732251 0.735453 0.738649 0.741840 0.745030 0.748220 0.751412 0.754607 0.757808 0.761010 0.764204 0.767392 0.770571 0.773742 0.776904 0.780055 0.783195 0.786325 0.789442 0.792546 0.795637 0.798714 0.801776 0.804823 0.807853 0.810867 0.813863 0.816841 0.819801 0.822741 0.825660 0.828559 0.831437 0.834292 0.837124 0.839933 0.842718 0.845477 0.848212 0.850920 0.853601 0.856262 0.858908 0.861540 0.864157 0.866758 0.869342 0.871909 0.874458 0.876988 0.879499 0.881990 0.884460 0.886909 0.889336 0.891741 0.894123 0.896480 0.898813 0.901121 0.903403 0.905658 0.907886 0.910087 0.912259 0.914401 0.916514 0.918597 0.920648 0.922668 0.924655 0.926609 0.928529 0.930419 0.932284 0.934124 0.935937 0.937724 0.939485 0.941219 0.942927 0.944608 0.946262 0.947888 0.949487 0.951059 0.952602 0.954118 0.955605 0.957064 0.958494 0.959895 0.961268 0.962611 0.963924 0.965209 0.966463 0.967687 0.968881 0.970045 0.971178 0.972281 0.973352 0.974392 0.975401 0.976372 0.977301 0.978188 0.979035 0.979843 0.980614 0.981349 0.982049 0.982716 0.983352 0.983957 0.984533 0.985081 0.985604 0.986101 0.986575 0.987026 0.987457 0.987869 0.988263 0.988640 0.989002 0.989350 0.989686 0.990010 0.990325 0.990632 0.990932 0.991226 0.991516 0.991803 0.992089))
(time 0)
(channel alpha)
(curve
    (curve-type free)
    (n-points 17)
    (points 34 -1.000000 -1.000000 -1.000000 -1.000000 -1.000000 -1.000000 -1.000000 -1.000000 -1.000000 -1.000000 -1.000000 -1.000000 -1.000000 -1.000000 -1.000000 -1.000000 -1.000000 -1.000000 -1.000000 -1.000000 -1.000000 -1.000000 -1.000000 -1.000000 -1.000000 -1.000000 -1.000000 -1.000000 -1.000000 -1.000000 -1.000000 -1.000000 -1.000000 -1.000000)
    (n-samples 256)
    (samples 256 0.000000 0.003922 0.007843 0.011765 0.015686 0.019608 0.023529 0.027451 0.031373 0.035294 0.039216 0.043137 0.047059 0.050980 0.054902 0.058824 0.062745 0.066667 0.070588 0.074510 0.078431 0.082353 0.086275 0.090196 0.094118 0.098039 0.101961 0.105882 0.109804 0.113725 0.117647 0.121569 0.125490 0.129412 0.133333 0.137255 0.141176 0.145098 0.149020 0.152941 0.156863 0.160784 0.164706 0.168627 0.172549 0.176471 0.180392 0.184314 0.188235 0.192157 0.196078 0.200000 0.203922 0.207843 0.211765 0.215686 0.219608 0.223529 0.227451 0.231373 0.235294 0.239216 0.243137 0.247059 0.250980 0.254902 0.258824 0.262745 0.266667 0.270588 0.274510 0.278431 0.282353 0.286275 0.290196 0.294118 0.298039 0.301961 0.305882 0.309804 0.313725 0.317647 0.321569 0.325490 0.329412 0.333333 0.337255 0.341176 0.345098 0.349020 0.352941 0.356863 0.360784 0.364706 0.368627 0.372549 0.376471 0.380392 0.384314 0.388235 0.392157 0.396078 0.400000 0.403922 0.407843 0.411765 0.415686 0.419608 0.423529 0.427451 0.431373 0.435294 0.439216 0.443137 0.447059 0.450980 0.454902 0.458824 0.462745 0.466667 0.470588 0.474510 0.478431 0.482353 0.486275 0.490196 0.494118 0.498039 0.501961 0.505882 0.509804 0.513725 0.517647 0.521569 0.525490 0.529412 0.533333 0.537255 0.541176 0.545098 0.549020 0.552941 0.556863 0.560784 0.564706 0.568627 0.572549 0.576471 0.580392 0.584314 0.588235 0.592157 0.596078 0.600000 0.603922 0.607843 0.611765 0.615686 0.619608 0.623529 0.627451 0.631373 0.635294 0.639216 0.643137 0.647059 0.650980 0.654902 0.658824 0.662745 0.666667 0.670588 0.674510 0.678431 0.682353 0.686275 0.690196 0.694118 0.698039 0.701961 0.705882 0.709804 0.713725 0.717647 0.721569 0.725490 0.729412 0.733333 0.737255 0.741176 0.745098 0.749020 0.752941 0.756863 0.760784 0.764706 0.768627 0.772549 0.776471 0.780392 0.784314 0.788235 0.792157 0.796078 0.800000 0.803922 0.807843 0.811765 0.815686 0.819608 0.823529 0.827451 0.831373 0.835294 0.839216 0.843137 0.847059 0.850980 0.854902 0.858824 0.862745 0.866667 0.870588 0.874510 0.878431 0.882353 0.886275 0.890196 0.894118 0.898039 0.901961 0.905882 0.909804 0.913725 0.917647 0.921569 0.925490 0.929412 0.933333 0.937255 0.941176 0.945098 0.949020 0.952941 0.956863 0.960784 0.964706 0.968627 0.972549 0.976471 0.980392 0.984314 0.988235 0.992157 0.996078 1.000000))

# end of curves tool settings
