# GIMP curves tool settings

(time 0)
(time 0)
(channel value)
(curve
    (curve-type smooth)
    (n-points 17)
    (points 34 0.000000 0.000000 -1.000000 -1.000000 0.121569 0.121569 -1.000000 -1.000000 0.247059 0.247059 -1.000000 -1.000000 0.372549 0.372549 -1.000000 -1.000000 0.498039 0.498039 -1.000000 -1.000000 0.623529 0.623529 -1.000000 -1.000000 0.749020 0.749020 -1.000000 -1.000000 0.874510 0.874510 -1.000000 -1.000000 1.000000 1.000000)
    (n-samples 256)
    (samples 256 0.000000 0.003922 0.007843 0.011765 0.015686 0.019608 0.023530 0.027451 0.031373 0.035294 0.039216 0.043137 0.047059 0.050981 0.054902 0.058824 0.062745 0.066667 0.070589 0.074510 0.078432 0.082353 0.086275 0.090196 0.094118 0.098040 0.101961 0.105883 0.109804 0.113726 0.117647 0.121569 0.125491 0.129412 0.133334 0.137255 0.141177 0.145098 0.149020 0.152942 0.156863 0.160785 0.164706 0.168628 0.172549 0.176471 0.180392 0.184314 0.188236 0.192157 0.196079 0.200000 0.203922 0.207843 0.211765 0.215687 0.219608 0.223530 0.227451 0.231373 0.235294 0.239216 0.243137 0.247059 0.250981 0.254902 0.258824 0.262745 0.266667 0.270588 0.274510 0.278431 0.282353 0.286275 0.290196 0.294118 0.298039 0.301961 0.305882 0.309804 0.313726 0.317647 0.321569 0.325490 0.329412 0.333333 0.337255 0.341177 0.345098 0.349020 0.352941 0.356863 0.360784 0.364706 0.368627 0.372549 0.376471 0.380392 0.384314 0.388235 0.392157 0.396078 0.400000 0.403921 0.407843 0.411765 0.415686 0.419608 0.423529 0.427451 0.431372 0.435294 0.439216 0.443137 0.447059 0.450980 0.454902 0.458823 0.462745 0.466667 0.470588 0.474510 0.478431 0.482353 0.486274 0.490196 0.494117 0.498039 0.501961 0.505882 0.509804 0.513725 0.517647 0.521568 0.525490 0.529411 0.533333 0.537255 0.541176 0.545098 0.549019 0.552941 0.556862 0.560784 0.564705 0.568627 0.572549 0.576470 0.580392 0.584313 0.588235 0.592156 0.596078 0.600000 0.603921 0.607843 0.611764 0.615686 0.619607 0.623529 0.627451 0.631372 0.635294 0.639215 0.643137 0.647059 0.650980 0.654902 0.658823 0.662745 0.666666 0.670588 0.674510 0.678431 0.682353 0.686274 0.690196 0.694118 0.698039 0.701961 0.705883 0.709804 0.713726 0.717647 0.721569 0.725490 0.729412 0.733334 0.737255 0.741177 0.745098 0.749020 0.752942 0.756863 0.760785 0.764706 0.768628 0.772549 0.776471 0.780393 0.784314 0.788236 0.792157 0.796079 0.800000 0.803922 0.807844 0.811765 0.815687 0.819608 0.823530 0.827451 0.831373 0.835294 0.839216 0.843138 0.847059 0.850981 0.854902 0.858824 0.862745 0.866667 0.870588 0.874510 0.878432 0.882353 0.886275 0.890196 0.894118 0.898039 0.901961 0.905883 0.909804 0.913726 0.917647 0.921569 0.925490 0.929412 0.933333 0.937255 0.941177 0.945098 0.949020 0.952941 0.956863 0.960784 0.964706 0.968627 0.972549 0.976471 0.980392 0.984314 0.988235 0.992157 0.996078 1.000000))
(time 0)
(channel red)
(curve
    (curve-type smooth)
    (n-points 17)
    (points 34 0.000000 0.000040 -1.000000 -1.000000 0.121569 0.008043 -1.000000 -1.000000 0.247059 0.066237 -1.000000 -1.000000 0.372549 0.184771 -1.000000 -1.000000 0.498039 0.359165 -1.000000 -1.000000 0.623529 0.568527 -1.000000 -1.000000 0.749020 0.772928 -1.000000 -1.000000 0.874510 0.927927 -1.000000 -1.000000 1.000000 0.993301)
    (n-samples 256)
    (samples 256 0.000040 0.000000 0.000000 0.000000 0.000000 0.000000 0.000000 0.000000 0.000000 0.000000 0.000000 0.000000 0.000000 0.000000 0.000000 0.000000 0.000000 0.000000 0.000000 0.000244 0.000576 0.000958 0.001392 0.001880 0.002426 0.003030 0.003696 0.004427 0.005225 0.006092 0.007030 0.008043 0.009112 0.010220 0.011367 0.012553 0.013781 0.015051 0.016365 0.017722 0.019125 0.020574 0.022070 0.023615 0.025209 0.026853 0.028549 0.030297 0.032099 0.033955 0.035867 0.037835 0.039861 0.041946 0.044089 0.046294 0.048560 0.050889 0.053282 0.055739 0.058263 0.060853 0.063510 0.066237 0.069030 0.071886 0.074804 0.077785 0.080827 0.083930 0.087094 0.090319 0.093603 0.096947 0.100351 0.103813 0.107334 0.110912 0.114548 0.118241 0.121991 0.125798 0.129660 0.133578 0.137551 0.141578 0.145660 0.149796 0.153985 0.158227 0.162522 0.166869 0.171268 0.175718 0.180219 0.184771 0.189385 0.194072 0.198831 0.203658 0.208553 0.213513 0.218537 0.223622 0.228767 0.233970 0.239228 0.244541 0.249905 0.255320 0.260782 0.266291 0.271845 0.277440 0.283076 0.288751 0.294463 0.300209 0.305988 0.311799 0.317638 0.323504 0.329396 0.335311 0.341247 0.347203 0.353176 0.359165 0.365197 0.371299 0.377466 0.383696 0.389984 0.396327 0.402721 0.409163 0.415649 0.422175 0.428737 0.435333 0.441957 0.448608 0.455280 0.461971 0.468676 0.475392 0.482116 0.488843 0.495570 0.502294 0.509010 0.515716 0.522407 0.529079 0.535730 0.542355 0.548951 0.555514 0.562041 0.568527 0.575011 0.581529 0.588077 0.594652 0.601249 0.607865 0.614494 0.621134 0.627780 0.634427 0.641073 0.647712 0.654341 0.660955 0.667551 0.674125 0.680672 0.687189 0.693671 0.700114 0.706514 0.712868 0.719170 0.725418 0.731606 0.737731 0.743789 0.749776 0.755687 0.761519 0.767267 0.772928 0.778539 0.784136 0.789718 0.795280 0.800817 0.806328 0.811807 0.817252 0.822658 0.828022 0.833341 0.838610 0.843825 0.848984 0.854083 0.859117 0.864083 0.868978 0.873797 0.878538 0.883196 0.887767 0.892249 0.896637 0.900928 0.905117 0.909202 0.913179 0.917043 0.920792 0.924421 0.927927 0.931305 0.934557 0.937685 0.940694 0.943588 0.946372 0.949048 0.951623 0.954098 0.956480 0.958771 0.960976 0.963099 0.965144 0.967115 0.969016 0.970852 0.972626 0.974343 0.976007 0.977621 0.979190 0.980718 0.982209 0.983667 0.985097 0.986502 0.987886 0.989254 0.990610 0.991958 0.993301))
(time 0)
(channel green)
(curve
    (curve-type smooth)
    (n-points 17)
    (points 34 0.000000 0.001961 -1.000000 -1.000000 0.121569 0.069848 -1.000000 -1.000000 0.247059 0.214185 -1.000000 -1.000000 0.372549 0.386385 -1.000000 -1.000000 0.498039 0.560533 -1.000000 -1.000000 0.623529 0.722231 -1.000000 -1.000000 0.749020 0.865600 -1.000000 -1.000000 0.874510 0.958973 -1.000000 -1.000000 1.000000 0.996979)
    (n-samples 256)
    (samples 256 0.001961 0.003562 0.005167 0.006779 0.008402 0.010040 0.011697 0.013375 0.015079 0.016813 0.018580 0.020383 0.022227 0.024115 0.026051 0.028039 0.030082 0.032183 0.034347 0.036578 0.038878 0.041252 0.043703 0.046235 0.048852 0.051557 0.054354 0.057247 0.060239 0.063334 0.066536 0.069848 0.073274 0.076811 0.080455 0.084203 0.088049 0.091990 0.096022 0.100141 0.104342 0.108621 0.112974 0.117397 0.121886 0.126437 0.131046 0.135707 0.140419 0.145175 0.149972 0.154806 0.159673 0.164569 0.169489 0.174429 0.179385 0.184354 0.189330 0.194310 0.199290 0.204265 0.209231 0.214185 0.219157 0.224179 0.229248 0.234363 0.239521 0.244720 0.249957 0.255230 0.260537 0.265874 0.271241 0.276634 0.282051 0.287489 0.292947 0.298422 0.303911 0.309413 0.314924 0.320443 0.325967 0.331493 0.337020 0.342545 0.348065 0.353579 0.359083 0.364576 0.370055 0.375518 0.380962 0.386385 0.391804 0.397239 0.402686 0.408145 0.413616 0.419095 0.424583 0.430077 0.435577 0.441080 0.446587 0.452095 0.457603 0.463110 0.468615 0.474115 0.479611 0.485100 0.490581 0.496054 0.501516 0.506966 0.512403 0.517826 0.523233 0.528623 0.533995 0.539347 0.544678 0.549987 0.555273 0.560533 0.565777 0.571015 0.576244 0.581466 0.586680 0.591884 0.597078 0.602262 0.607436 0.612598 0.617749 0.622887 0.628012 0.633124 0.638222 0.643306 0.648374 0.653427 0.658464 0.663484 0.668487 0.673472 0.678439 0.683387 0.688316 0.693225 0.698113 0.702981 0.707827 0.712651 0.717453 0.722231 0.727004 0.731787 0.736577 0.741371 0.746167 0.750961 0.755751 0.760534 0.765306 0.770066 0.774809 0.779534 0.784237 0.788915 0.793566 0.798186 0.802773 0.807323 0.811835 0.816304 0.820728 0.825105 0.829431 0.833703 0.837918 0.842074 0.846168 0.850197 0.854157 0.858046 0.861862 0.865600 0.869277 0.872910 0.876499 0.880042 0.883540 0.886992 0.890398 0.893756 0.897067 0.900330 0.903544 0.906710 0.909826 0.912892 0.915907 0.918872 0.921785 0.924646 0.927455 0.930210 0.932913 0.935561 0.938155 0.940695 0.943178 0.945606 0.947978 0.950293 0.952550 0.954749 0.956891 0.958973 0.960986 0.962920 0.964778 0.966562 0.968276 0.969921 0.971500 0.973016 0.974471 0.975868 0.977209 0.978497 0.979734 0.980923 0.982066 0.983167 0.984226 0.985248 0.986234 0.987187 0.988110 0.989005 0.989875 0.990722 0.991548 0.992357 0.993151 0.993931 0.994702 0.995465 0.996223 0.996979))
(time 0)
(channel blue)
(curve
    (curve-type smooth)
    (n-points 17)
    (points 34 0.000000 0.006332 -1.000000 -1.000000 0.121569 0.225447 -1.000000 -1.000000 0.247059 0.425338 -1.000000 -1.000000 0.372549 0.585919 -1.000000 -1.000000 0.498039 0.724790 -1.000000 -1.000000 0.623529 0.833296 -1.000000 -1.000000 0.749020 0.922240 -1.000000 -1.000000 0.874510 0.975900 -1.000000 -1.000000 1.000000 0.995237)
    (n-samples 256)
    (samples 256 0.006332 0.013609 0.020884 0.028157 0.035426 0.042689 0.049946 0.057196 0.064436 0.071666 0.078884 0.086089 0.093280 0.100455 0.107613 0.114753 0.121873 0.128972 0.136050 0.143104 0.150133 0.157136 0.164112 0.171059 0.177976 0.184862 0.191715 0.198534 0.205318 0.212066 0.218776 0.225447 0.232092 0.238723 0.245339 0.251940 0.258524 0.265089 0.271635 0.278160 0.284664 0.291143 0.297599 0.304029 0.310432 0.316806 0.323152 0.329467 0.335750 0.341999 0.348215 0.354395 0.360538 0.366644 0.372710 0.378736 0.384720 0.390661 0.396558 0.402410 0.408215 0.413972 0.419680 0.425338 0.430943 0.436494 0.441992 0.447440 0.452839 0.458190 0.463495 0.468756 0.473974 0.479151 0.484289 0.489389 0.494453 0.499482 0.504478 0.509442 0.514377 0.519284 0.524164 0.529019 0.533850 0.538660 0.543450 0.548222 0.552976 0.557715 0.562441 0.567154 0.571857 0.576551 0.581238 0.585919 0.590591 0.595250 0.599895 0.604524 0.609138 0.613735 0.618314 0.622875 0.627417 0.631939 0.636440 0.640920 0.645378 0.649812 0.654223 0.658609 0.662970 0.667304 0.671612 0.675891 0.680142 0.684364 0.688556 0.692716 0.696845 0.700941 0.705004 0.709033 0.713026 0.716984 0.720906 0.724790 0.728635 0.732441 0.736209 0.739940 0.743634 0.747294 0.750918 0.754510 0.758069 0.761597 0.765095 0.768563 0.772003 0.775416 0.778802 0.782163 0.785500 0.788813 0.792104 0.795373 0.798622 0.801852 0.805063 0.808257 0.811434 0.814595 0.817743 0.820876 0.823998 0.827107 0.830206 0.833296 0.836379 0.839457 0.842528 0.845591 0.848645 0.851688 0.854718 0.857734 0.860736 0.863720 0.866687 0.869633 0.872559 0.875462 0.878342 0.881196 0.884023 0.886822 0.889592 0.892330 0.895036 0.897707 0.900344 0.902943 0.905505 0.908026 0.910506 0.912944 0.915338 0.917686 0.919987 0.922240 0.924451 0.926626 0.928766 0.930871 0.932940 0.934975 0.936975 0.938940 0.940871 0.942767 0.944628 0.946455 0.948248 0.950006 0.951730 0.953420 0.955077 0.956699 0.958287 0.959842 0.961363 0.962851 0.964305 0.965725 0.967113 0.968467 0.969788 0.971076 0.972331 0.973554 0.974743 0.975900 0.977016 0.978083 0.979103 0.980077 0.981007 0.981895 0.982742 0.983550 0.984320 0.985054 0.985753 0.986419 0.987054 0.987659 0.988236 0.988786 0.989311 0.989813 0.990292 0.990751 0.991191 0.991614 0.992021 0.992414 0.992794 0.993164 0.993524 0.993876 0.994222 0.994563 0.994901 0.995237))
(time 0)
(channel alpha)
(curve
    (curve-type free)
    (n-points 17)
    (points 34 -1.000000 -1.000000 -1.000000 -1.000000 -1.000000 -1.000000 -1.000000 -1.000000 -1.000000 -1.000000 -1.000000 -1.000000 -1.000000 -1.000000 -1.000000 -1.000000 -1.000000 -1.000000 -1.000000 -1.000000 -1.000000 -1.000000 -1.000000 -1.000000 -1.000000 -1.000000 -1.000000 -1.000000 -1.000000 -1.000000 -1.000000 -1.000000 -1.000000 -1.000000)
    (n-samples 256)
    (samples 256 0.000000 0.003922 0.007843 0.011765 0.015686 0.019608 0.023529 0.027451 0.031373 0.035294 0.039216 0.043137 0.047059 0.050980 0.054902 0.058824 0.062745 0.066667 0.070588 0.074510 0.078431 0.082353 0.086275 0.090196 0.094118 0.098039 0.101961 0.105882 0.109804 0.113725 0.117647 0.121569 0.125490 0.129412 0.133333 0.137255 0.141176 0.145098 0.149020 0.152941 0.156863 0.160784 0.164706 0.168627 0.172549 0.176471 0.180392 0.184314 0.188235 0.192157 0.196078 0.200000 0.203922 0.207843 0.211765 0.215686 0.219608 0.223529 0.227451 0.231373 0.235294 0.239216 0.243137 0.247059 0.250980 0.254902 0.258824 0.262745 0.266667 0.270588 0.274510 0.278431 0.282353 0.286275 0.290196 0.294118 0.298039 0.301961 0.305882 0.309804 0.313725 0.317647 0.321569 0.325490 0.329412 0.333333 0.337255 0.341176 0.345098 0.349020 0.352941 0.356863 0.360784 0.364706 0.368627 0.372549 0.376471 0.380392 0.384314 0.388235 0.392157 0.396078 0.400000 0.403922 0.407843 0.411765 0.415686 0.419608 0.423529 0.427451 0.431373 0.435294 0.439216 0.443137 0.447059 0.450980 0.454902 0.458824 0.462745 0.466667 0.470588 0.474510 0.478431 0.482353 0.486275 0.490196 0.494118 0.498039 0.501961 0.505882 0.509804 0.513725 0.517647 0.521569 0.525490 0.529412 0.533333 0.537255 0.541176 0.545098 0.549020 0.552941 0.556863 0.560784 0.564706 0.568627 0.572549 0.576471 0.580392 0.584314 0.588235 0.592157 0.596078 0.600000 0.603922 0.607843 0.611765 0.615686 0.619608 0.623529 0.627451 0.631373 0.635294 0.639216 0.643137 0.647059 0.650980 0.654902 0.658824 0.662745 0.666667 0.670588 0.674510 0.678431 0.682353 0.686275 0.690196 0.694118 0.698039 0.701961 0.705882 0.709804 0.713725 0.717647 0.721569 0.725490 0.729412 0.733333 0.737255 0.741176 0.745098 0.749020 0.752941 0.756863 0.760784 0.764706 0.768627 0.772549 0.776471 0.780392 0.784314 0.788235 0.792157 0.796078 0.800000 0.803922 0.807843 0.811765 0.815686 0.819608 0.823529 0.827451 0.831373 0.835294 0.839216 0.843137 0.847059 0.850980 0.854902 0.858824 0.862745 0.866667 0.870588 0.874510 0.878431 0.882353 0.886275 0.890196 0.894118 0.898039 0.901961 0.905882 0.909804 0.913725 0.917647 0.921569 0.925490 0.929412 0.933333 0.937255 0.941176 0.945098 0.949020 0.952941 0.956863 0.960784 0.964706 0.968627 0.972549 0.976471 0.980392 0.984314 0.988235 0.992157 0.996078 1.000000))

# end of curves tool settings
