# GIMP curves tool settings

(time 0)
(time 0)
(channel value)
(curve
    (curve-type smooth)
    (n-points 17)
    (points 34 0.000000 0.000000 -1.000000 -1.000000 0.121569 0.121569 -1.000000 -1.000000 0.247059 0.247059 -1.000000 -1.000000 0.372549 0.372549 -1.000000 -1.000000 0.498039 0.498039 -1.000000 -1.000000 0.623529 0.623529 -1.000000 -1.000000 0.749020 0.749020 -1.000000 -1.000000 0.874510 0.874510 -1.000000 -1.000000 1.000000 1.000000)
    (n-samples 256)
    (samples 256 0.000000 0.003922 0.007843 0.011765 0.015686 0.019608 0.023530 0.027451 0.031373 0.035294 0.039216 0.043137 0.047059 0.050981 0.054902 0.058824 0.062745 0.066667 0.070589 0.074510 0.078432 0.082353 0.086275 0.090196 0.094118 0.098040 0.101961 0.105883 0.109804 0.113726 0.117647 0.121569 0.125491 0.129412 0.133334 0.137255 0.141177 0.145098 0.149020 0.152942 0.156863 0.160785 0.164706 0.168628 0.172549 0.176471 0.180392 0.184314 0.188236 0.192157 0.196079 0.200000 0.203922 0.207843 0.211765 0.215687 0.219608 0.223530 0.227451 0.231373 0.235294 0.239216 0.243137 0.247059 0.250981 0.254902 0.258824 0.262745 0.266667 0.270588 0.274510 0.278431 0.282353 0.286275 0.290196 0.294118 0.298039 0.301961 0.305882 0.309804 0.313726 0.317647 0.321569 0.325490 0.329412 0.333333 0.337255 0.341177 0.345098 0.349020 0.352941 0.356863 0.360784 0.364706 0.368627 0.372549 0.376471 0.380392 0.384314 0.388235 0.392157 0.396078 0.400000 0.403921 0.407843 0.411765 0.415686 0.419608 0.423529 0.427451 0.431372 0.435294 0.439216 0.443137 0.447059 0.450980 0.454902 0.458823 0.462745 0.466667 0.470588 0.474510 0.478431 0.482353 0.486274 0.490196 0.494117 0.498039 0.501961 0.505882 0.509804 0.513725 0.517647 0.521568 0.525490 0.529411 0.533333 0.537255 0.541176 0.545098 0.549019 0.552941 0.556862 0.560784 0.564705 0.568627 0.572549 0.576470 0.580392 0.584313 0.588235 0.592156 0.596078 0.600000 0.603921 0.607843 0.611764 0.615686 0.619607 0.623529 0.627451 0.631372 0.635294 0.639215 0.643137 0.647059 0.650980 0.654902 0.658823 0.662745 0.666666 0.670588 0.674510 0.678431 0.682353 0.686274 0.690196 0.694118 0.698039 0.701961 0.705883 0.709804 0.713726 0.717647 0.721569 0.725490 0.729412 0.733334 0.737255 0.741177 0.745098 0.749020 0.752942 0.756863 0.760785 0.764706 0.768628 0.772549 0.776471 0.780393 0.784314 0.788236 0.792157 0.796079 0.800000 0.803922 0.807844 0.811765 0.815687 0.819608 0.823530 0.827451 0.831373 0.835294 0.839216 0.843138 0.847059 0.850981 0.854902 0.858824 0.862745 0.866667 0.870588 0.874510 0.878432 0.882353 0.886275 0.890196 0.894118 0.898039 0.901961 0.905883 0.909804 0.913726 0.917647 0.921569 0.925490 0.929412 0.933333 0.937255 0.941177 0.945098 0.949020 0.952941 0.956863 0.960784 0.964706 0.968627 0.972549 0.976471 0.980392 0.984314 0.988235 0.992157 0.996078 1.000000))
(time 0)
(channel red)
(curve
    (curve-type smooth)
    (n-points 17)
    (points 34 0.000000 0.151307 -1.000000 -1.000000 0.121569 0.322524 -1.000000 -1.000000 0.247059 0.448847 -1.000000 -1.000000 0.372549 0.575643 -1.000000 -1.000000 0.498039 0.686567 -1.000000 -1.000000 0.623529 0.782251 -1.000000 -1.000000 0.749020 0.867647 -1.000000 -1.000000 0.874510 0.945974 -1.000000 -1.000000 1.000000 1.000000)
    (n-samples 256)
    (samples 256 0.151307 0.157230 0.163150 0.169066 0.174973 0.180871 0.186757 0.192627 0.198480 0.204313 0.210123 0.215909 0.221667 0.227395 0.233090 0.238751 0.244374 0.249957 0.255497 0.260993 0.266441 0.271840 0.277185 0.282476 0.287709 0.292883 0.297994 0.303040 0.308018 0.312927 0.317763 0.322524 0.327199 0.331781 0.336275 0.340685 0.345017 0.349274 0.353461 0.357582 0.361643 0.365648 0.369602 0.373508 0.377373 0.381199 0.384992 0.388757 0.392498 0.396219 0.399925 0.403622 0.407312 0.411002 0.414695 0.418396 0.422110 0.425841 0.429594 0.433373 0.437184 0.441030 0.444916 0.448847 0.452810 0.456788 0.460779 0.464782 0.468796 0.472819 0.476849 0.480885 0.484925 0.488969 0.493014 0.497058 0.501102 0.505142 0.509178 0.513207 0.517230 0.521243 0.525246 0.529236 0.533213 0.537176 0.541121 0.545049 0.548957 0.552844 0.556709 0.560550 0.564365 0.568153 0.571913 0.575643 0.579349 0.583040 0.586714 0.590372 0.594015 0.597641 0.601252 0.604847 0.608427 0.611991 0.615539 0.619072 0.622589 0.626091 0.629578 0.633050 0.636506 0.639947 0.643373 0.646784 0.650180 0.653562 0.656928 0.660280 0.663616 0.666939 0.670246 0.673539 0.676818 0.680082 0.683332 0.686567 0.689785 0.692985 0.696165 0.699327 0.702471 0.705598 0.708708 0.711801 0.714878 0.717939 0.720985 0.724017 0.727034 0.730037 0.733027 0.736005 0.738969 0.741922 0.744863 0.747793 0.750712 0.753621 0.756520 0.759411 0.762292 0.765165 0.768030 0.770887 0.773737 0.776581 0.779419 0.782251 0.785074 0.787884 0.790681 0.793466 0.796239 0.799000 0.801750 0.804489 0.807217 0.809934 0.812641 0.815339 0.818026 0.820704 0.823373 0.826034 0.828686 0.831329 0.833965 0.836593 0.839214 0.841828 0.844435 0.847036 0.849631 0.852220 0.854803 0.857381 0.859954 0.862523 0.865087 0.867647 0.870210 0.872781 0.875359 0.877942 0.880529 0.883118 0.885707 0.888295 0.890881 0.893462 0.896037 0.898605 0.901164 0.903713 0.906249 0.908771 0.911278 0.913768 0.916240 0.918692 0.921122 0.923529 0.925911 0.928267 0.930594 0.932893 0.935160 0.937394 0.939595 0.941759 0.943886 0.945974 0.948024 0.950040 0.952023 0.953973 0.955892 0.957781 0.959642 0.961474 0.963280 0.965060 0.966815 0.968548 0.970258 0.971946 0.973615 0.975265 0.976897 0.978513 0.980113 0.981698 0.983270 0.984830 0.986379 0.987917 0.989447 0.990969 0.992485 0.993994 0.995500 0.997002 0.998501 1.000000))
(time 0)
(channel green)
(curve
    (curve-type smooth)
    (n-points 17)
    (points 34 0.000000 0.141176 -1.000000 -1.000000 0.121569 0.293870 -1.000000 -1.000000 0.247059 0.430463 -1.000000 -1.000000 0.372549 0.557343 -1.000000 -1.000000 0.498039 0.673448 -1.000000 -1.000000 0.623529 0.772324 -1.000000 -1.000000 0.749020 0.849510 -1.000000 -1.000000 0.874510 0.933274 -1.000000 -1.000000 1.000000 0.991523)
    (n-samples 256)
    (samples 256 0.141176 0.146268 0.151360 0.156449 0.161535 0.166617 0.171693 0.176764 0.181827 0.186882 0.191927 0.196962 0.201986 0.206997 0.211994 0.216977 0.221945 0.226895 0.231828 0.236742 0.241637 0.246510 0.251362 0.256190 0.260995 0.265775 0.270529 0.275255 0.279954 0.284623 0.289262 0.293870 0.298447 0.302993 0.307511 0.312001 0.316464 0.320901 0.325313 0.329701 0.334066 0.338410 0.342732 0.347035 0.351319 0.355585 0.359834 0.364067 0.368285 0.372490 0.376682 0.380861 0.385030 0.389190 0.393340 0.397483 0.401618 0.405748 0.409874 0.413995 0.418114 0.422231 0.426347 0.430463 0.434576 0.438680 0.442775 0.446861 0.450939 0.455008 0.459068 0.463118 0.467160 0.471192 0.475215 0.479228 0.483231 0.487225 0.491209 0.495184 0.499148 0.503102 0.507045 0.510979 0.514902 0.518815 0.522717 0.526608 0.530489 0.534359 0.538217 0.542065 0.545901 0.549727 0.553541 0.557343 0.561137 0.564927 0.568711 0.572490 0.576261 0.580026 0.583782 0.587531 0.591270 0.595000 0.598720 0.602429 0.606126 0.609812 0.613486 0.617146 0.620792 0.624425 0.628042 0.631644 0.635230 0.638799 0.642351 0.645886 0.649402 0.652899 0.656376 0.659833 0.663269 0.666684 0.670077 0.673448 0.676801 0.680141 0.683467 0.686780 0.690079 0.693363 0.696633 0.699887 0.703125 0.706347 0.709553 0.712742 0.715913 0.719066 0.722202 0.725318 0.728416 0.731494 0.734553 0.737591 0.740609 0.743605 0.746581 0.749534 0.752465 0.755373 0.758258 0.761120 0.763958 0.766772 0.769560 0.772324 0.775051 0.777732 0.780369 0.782965 0.785523 0.788045 0.790533 0.792991 0.795421 0.797826 0.800207 0.802568 0.804912 0.807240 0.809556 0.811862 0.814160 0.816453 0.818745 0.821037 0.823331 0.825632 0.827940 0.830259 0.832592 0.834940 0.837307 0.839695 0.842107 0.844545 0.847012 0.849510 0.852043 0.854611 0.857211 0.859840 0.862495 0.865173 0.867871 0.870586 0.873316 0.876057 0.878806 0.881561 0.884318 0.887075 0.889828 0.892576 0.895313 0.898039 0.900750 0.903442 0.906114 0.908761 0.911382 0.913973 0.916531 0.919053 0.921537 0.923979 0.926377 0.928727 0.931027 0.933274 0.935474 0.937639 0.939768 0.941863 0.943926 0.945957 0.947958 0.949929 0.951873 0.953789 0.955680 0.957547 0.959390 0.961211 0.963011 0.964791 0.966552 0.968296 0.970023 0.971735 0.973434 0.975119 0.976793 0.978456 0.980110 0.981755 0.983394 0.985027 0.986655 0.988280 0.989902 0.991523))
(time 0)
(channel blue)
(curve
    (curve-type smooth)
    (n-points 17)
    (points 34 0.000000 0.141529 -1.000000 -1.000000 0.121569 0.292286 -1.000000 -1.000000 0.247059 0.434369 -1.000000 -1.000000 0.372549 0.557046 -1.000000 -1.000000 0.498039 0.669468 -1.000000 -1.000000 0.623529 0.772360 -1.000000 -1.000000 0.749020 0.858682 -1.000000 -1.000000 0.874510 0.932288 -1.000000 -1.000000 1.000000 0.987544)
    (n-samples 256)
    (samples 256 0.141529 0.146499 0.151469 0.156438 0.161404 0.166368 0.171328 0.176285 0.181236 0.186183 0.191123 0.196056 0.200983 0.205901 0.210810 0.215710 0.220600 0.225479 0.230347 0.235203 0.240046 0.244876 0.249691 0.254492 0.259277 0.264046 0.268799 0.273534 0.278251 0.282949 0.287627 0.292286 0.296931 0.301568 0.306196 0.310817 0.315427 0.320028 0.324619 0.329198 0.333766 0.338322 0.342866 0.347396 0.351912 0.356414 0.360901 0.365373 0.369829 0.374268 0.378690 0.383095 0.387481 0.391848 0.396197 0.400525 0.404833 0.409120 0.413385 0.417628 0.421849 0.426046 0.430220 0.434369 0.438492 0.442588 0.446658 0.450702 0.454722 0.458718 0.462692 0.466643 0.470573 0.474483 0.478373 0.482245 0.486099 0.489935 0.493756 0.497561 0.501352 0.505129 0.508894 0.512646 0.516387 0.520118 0.523840 0.527553 0.531258 0.534956 0.538648 0.542335 0.546017 0.549696 0.553372 0.557046 0.560714 0.564371 0.568018 0.571655 0.575280 0.578896 0.582501 0.586096 0.589681 0.593255 0.596820 0.600374 0.603919 0.607453 0.610978 0.614494 0.617999 0.621495 0.624981 0.628458 0.631926 0.635384 0.638833 0.642273 0.645704 0.649125 0.652538 0.655941 0.659336 0.662722 0.666099 0.669468 0.672831 0.676191 0.679547 0.682899 0.686246 0.689587 0.692922 0.696249 0.699570 0.702882 0.706185 0.709479 0.712762 0.716035 0.719296 0.722545 0.725782 0.729005 0.732214 0.735408 0.738587 0.741750 0.744896 0.748025 0.751137 0.754229 0.757303 0.760357 0.763390 0.766402 0.769392 0.772360 0.775307 0.778234 0.781141 0.784030 0.786900 0.789752 0.792587 0.795404 0.798203 0.800986 0.803753 0.806503 0.809238 0.811957 0.814662 0.817351 0.820027 0.822688 0.825336 0.827971 0.830593 0.833202 0.835799 0.838384 0.840958 0.843520 0.846072 0.848614 0.851145 0.853666 0.856179 0.858682 0.861177 0.863665 0.866145 0.868617 0.871079 0.873532 0.875975 0.878408 0.880829 0.883239 0.885637 0.888022 0.890394 0.892753 0.895097 0.897427 0.899741 0.902040 0.904323 0.906589 0.908837 0.911068 0.913281 0.915475 0.917649 0.919804 0.921939 0.924052 0.926145 0.928215 0.930263 0.932288 0.934288 0.936262 0.938211 0.940136 0.942037 0.943915 0.945772 0.947607 0.949423 0.951219 0.952996 0.954756 0.956499 0.958226 0.959939 0.961636 0.963321 0.964992 0.966652 0.968301 0.969940 0.971570 0.973191 0.974805 0.976412 0.978013 0.979610 0.981201 0.982790 0.984376 0.985960 0.987544))
(time 0)
(channel alpha)
(curve
    (curve-type free)
    (n-points 17)
    (points 34 -1.000000 -1.000000 -1.000000 -1.000000 -1.000000 -1.000000 -1.000000 -1.000000 -1.000000 -1.000000 -1.000000 -1.000000 -1.000000 -1.000000 -1.000000 -1.000000 -1.000000 -1.000000 -1.000000 -1.000000 -1.000000 -1.000000 -1.000000 -1.000000 -1.000000 -1.000000 -1.000000 -1.000000 -1.000000 -1.000000 -1.000000 -1.000000 -1.000000 -1.000000)
    (n-samples 256)
    (samples 256 0.000000 0.003922 0.007843 0.011765 0.015686 0.019608 0.023529 0.027451 0.031373 0.035294 0.039216 0.043137 0.047059 0.050980 0.054902 0.058824 0.062745 0.066667 0.070588 0.074510 0.078431 0.082353 0.086275 0.090196 0.094118 0.098039 0.101961 0.105882 0.109804 0.113725 0.117647 0.121569 0.125490 0.129412 0.133333 0.137255 0.141176 0.145098 0.149020 0.152941 0.156863 0.160784 0.164706 0.168627 0.172549 0.176471 0.180392 0.184314 0.188235 0.192157 0.196078 0.200000 0.203922 0.207843 0.211765 0.215686 0.219608 0.223529 0.227451 0.231373 0.235294 0.239216 0.243137 0.247059 0.250980 0.254902 0.258824 0.262745 0.266667 0.270588 0.274510 0.278431 0.282353 0.286275 0.290196 0.294118 0.298039 0.301961 0.305882 0.309804 0.313725 0.317647 0.321569 0.325490 0.329412 0.333333 0.337255 0.341176 0.345098 0.349020 0.352941 0.356863 0.360784 0.364706 0.368627 0.372549 0.376471 0.380392 0.384314 0.388235 0.392157 0.396078 0.400000 0.403922 0.407843 0.411765 0.415686 0.419608 0.423529 0.427451 0.431373 0.435294 0.439216 0.443137 0.447059 0.450980 0.454902 0.458824 0.462745 0.466667 0.470588 0.474510 0.478431 0.482353 0.486275 0.490196 0.494118 0.498039 0.501961 0.505882 0.509804 0.513725 0.517647 0.521569 0.525490 0.529412 0.533333 0.537255 0.541176 0.545098 0.549020 0.552941 0.556863 0.560784 0.564706 0.568627 0.572549 0.576471 0.580392 0.584314 0.588235 0.592157 0.596078 0.600000 0.603922 0.607843 0.611765 0.615686 0.619608 0.623529 0.627451 0.631373 0.635294 0.639216 0.643137 0.647059 0.650980 0.654902 0.658824 0.662745 0.666667 0.670588 0.674510 0.678431 0.682353 0.686275 0.690196 0.694118 0.698039 0.701961 0.705882 0.709804 0.713725 0.717647 0.721569 0.725490 0.729412 0.733333 0.737255 0.741176 0.745098 0.749020 0.752941 0.756863 0.760784 0.764706 0.768627 0.772549 0.776471 0.780392 0.784314 0.788235 0.792157 0.796078 0.800000 0.803922 0.807843 0.811765 0.815686 0.819608 0.823529 0.827451 0.831373 0.835294 0.839216 0.843137 0.847059 0.850980 0.854902 0.858824 0.862745 0.866667 0.870588 0.874510 0.878431 0.882353 0.886275 0.890196 0.894118 0.898039 0.901961 0.905882 0.909804 0.913725 0.917647 0.921569 0.925490 0.929412 0.933333 0.937255 0.941176 0.945098 0.949020 0.952941 0.956863 0.960784 0.964706 0.968627 0.972549 0.976471 0.980392 0.984314 0.988235 0.992157 0.996078 1.000000))

# end of curves tool settings
