# GIMP curves tool settings

(time 0)
(time 0)
(channel value)
(curve
    (curve-type smooth)
    (n-points 17)
    (points 34 0.000000 0.000000 -1.000000 -1.000000 0.121569 0.121569 -1.000000 -1.000000 0.247059 0.247059 -1.000000 -1.000000 0.372549 0.372549 -1.000000 -1.000000 0.498039 0.498039 -1.000000 -1.000000 0.623529 0.623529 -1.000000 -1.000000 0.749020 0.749020 -1.000000 -1.000000 0.874510 0.874510 -1.000000 -1.000000 1.000000 1.000000)
    (n-samples 256)
    (samples 256 0.000000 0.003922 0.007843 0.011765 0.015686 0.019608 0.023530 0.027451 0.031373 0.035294 0.039216 0.043137 0.047059 0.050981 0.054902 0.058824 0.062745 0.066667 0.070589 0.074510 0.078432 0.082353 0.086275 0.090196 0.094118 0.098040 0.101961 0.105883 0.109804 0.113726 0.117647 0.121569 0.125491 0.129412 0.133334 0.137255 0.141177 0.145098 0.149020 0.152942 0.156863 0.160785 0.164706 0.168628 0.172549 0.176471 0.180392 0.184314 0.188236 0.192157 0.196079 0.200000 0.203922 0.207843 0.211765 0.215687 0.219608 0.223530 0.227451 0.231373 0.235294 0.239216 0.243137 0.247059 0.250981 0.254902 0.258824 0.262745 0.266667 0.270588 0.274510 0.278431 0.282353 0.286275 0.290196 0.294118 0.298039 0.301961 0.305882 0.309804 0.313726 0.317647 0.321569 0.325490 0.329412 0.333333 0.337255 0.341177 0.345098 0.349020 0.352941 0.356863 0.360784 0.364706 0.368627 0.372549 0.376471 0.380392 0.384314 0.388235 0.392157 0.396078 0.400000 0.403921 0.407843 0.411765 0.415686 0.419608 0.423529 0.427451 0.431372 0.435294 0.439216 0.443137 0.447059 0.450980 0.454902 0.458823 0.462745 0.466667 0.470588 0.474510 0.478431 0.482353 0.486274 0.490196 0.494117 0.498039 0.501961 0.505882 0.509804 0.513725 0.517647 0.521568 0.525490 0.529411 0.533333 0.537255 0.541176 0.545098 0.549019 0.552941 0.556862 0.560784 0.564705 0.568627 0.572549 0.576470 0.580392 0.584313 0.588235 0.592156 0.596078 0.600000 0.603921 0.607843 0.611764 0.615686 0.619607 0.623529 0.627451 0.631372 0.635294 0.639215 0.643137 0.647059 0.650980 0.654902 0.658823 0.662745 0.666666 0.670588 0.674510 0.678431 0.682353 0.686274 0.690196 0.694118 0.698039 0.701961 0.705883 0.709804 0.713726 0.717647 0.721569 0.725490 0.729412 0.733334 0.737255 0.741177 0.745098 0.749020 0.752942 0.756863 0.760785 0.764706 0.768628 0.772549 0.776471 0.780393 0.784314 0.788236 0.792157 0.796079 0.800000 0.803922 0.807844 0.811765 0.815687 0.819608 0.823530 0.827451 0.831373 0.835294 0.839216 0.843138 0.847059 0.850981 0.854902 0.858824 0.862745 0.866667 0.870588 0.874510 0.878432 0.882353 0.886275 0.890196 0.894118 0.898039 0.901961 0.905883 0.909804 0.913726 0.917647 0.921569 0.925490 0.929412 0.933333 0.937255 0.941177 0.945098 0.949020 0.952941 0.956863 0.960784 0.964706 0.968627 0.972549 0.976471 0.980392 0.984314 0.988235 0.992157 0.996078 1.000000))
(time 0)
(channel red)
(curve
    (curve-type smooth)
    (n-points 17)
    (points 34 0.000000 0.000171 -1.000000 -1.000000 0.121569 0.047560 -1.000000 -1.000000 0.247059 0.162212 -1.000000 -1.000000 0.372549 0.329729 -1.000000 -1.000000 0.498039 0.520206 -1.000000 -1.000000 0.623529 0.704597 -1.000000 -1.000000 0.749020 0.849098 -1.000000 -1.000000 0.874510 0.971076 -1.000000 -1.000000 1.000000 0.996078)
    (n-samples 256)
    (samples 256 0.000171 0.001179 0.002189 0.003207 0.004234 0.005274 0.006330 0.007406 0.008505 0.009630 0.010784 0.011970 0.013193 0.014454 0.015758 0.017108 0.018506 0.019957 0.021463 0.023027 0.024654 0.026345 0.028105 0.029937 0.031843 0.033828 0.035894 0.038045 0.040283 0.042613 0.045038 0.047560 0.050169 0.052852 0.055608 0.058435 0.061332 0.064299 0.067333 0.070435 0.073603 0.076837 0.080133 0.083493 0.086915 0.090397 0.093939 0.097539 0.101196 0.104910 0.108679 0.112503 0.116379 0.120307 0.124287 0.128316 0.132394 0.136519 0.140691 0.144909 0.149171 0.153476 0.157823 0.162212 0.166661 0.171188 0.175790 0.180465 0.185210 0.190022 0.194898 0.199836 0.204833 0.209886 0.214993 0.220150 0.225355 0.230606 0.235899 0.241231 0.246601 0.252005 0.257441 0.262905 0.268396 0.273910 0.279444 0.284996 0.290564 0.296144 0.301733 0.307329 0.312930 0.318532 0.324132 0.329729 0.335348 0.341014 0.346727 0.352482 0.358277 0.364109 0.369977 0.375877 0.381806 0.387762 0.393742 0.399744 0.405764 0.411801 0.417852 0.423913 0.429982 0.436058 0.442136 0.448214 0.454290 0.460361 0.466424 0.472477 0.478516 0.484540 0.490546 0.496531 0.502492 0.508426 0.514332 0.520206 0.526076 0.531971 0.537886 0.543819 0.549766 0.555726 0.561693 0.567667 0.573642 0.579617 0.585588 0.591551 0.597505 0.603446 0.609370 0.615275 0.621158 0.627015 0.632843 0.638639 0.644401 0.650125 0.655808 0.661447 0.667038 0.672579 0.678067 0.683499 0.688870 0.694179 0.699423 0.704597 0.709708 0.714765 0.719769 0.724722 0.729626 0.734481 0.739291 0.744055 0.748776 0.753456 0.758095 0.762696 0.767261 0.771790 0.776285 0.780748 0.785181 0.789585 0.793962 0.798313 0.802640 0.806944 0.811227 0.815491 0.819738 0.823968 0.828183 0.832386 0.836577 0.840758 0.844931 0.849098 0.853286 0.857518 0.861787 0.866086 0.870409 0.874748 0.879097 0.883449 0.887797 0.892135 0.896455 0.900751 0.905016 0.909243 0.913425 0.917556 0.921628 0.925635 0.929570 0.933427 0.937198 0.940876 0.944455 0.947928 0.951288 0.954529 0.957643 0.960623 0.963464 0.966157 0.968697 0.971076 0.973302 0.975391 0.977346 0.979173 0.980876 0.982458 0.983925 0.985282 0.986531 0.987679 0.988729 0.989685 0.990553 0.991337 0.992040 0.992668 0.993226 0.993716 0.994145 0.994515 0.994833 0.995101 0.995325 0.995510 0.995658 0.995776 0.995867 0.995936 0.995987 0.996025 0.996054 0.996078))
(time 0)
(channel green)
(curve
    (curve-type smooth)
    (n-points 17)
    (points 34 0.000000 0.007843 -1.000000 -1.000000 0.121569 0.063296 -1.000000 -1.000000 0.247059 0.177207 -1.000000 -1.000000 0.372549 0.326921 -1.000000 -1.000000 0.498039 0.494137 -1.000000 -1.000000 0.623529 0.653138 -1.000000 -1.000000 0.749020 0.799763 -1.000000 -1.000000 0.874510 0.903914 -1.000000 -1.000000 1.000000 0.949020)
    (n-samples 256)
    (samples 256 0.007843 0.009183 0.010525 0.011873 0.013229 0.014597 0.015978 0.017377 0.018795 0.020236 0.021702 0.023195 0.024720 0.026279 0.027874 0.029508 0.031185 0.032906 0.034675 0.036495 0.038368 0.040297 0.042285 0.044335 0.046450 0.048632 0.050884 0.053209 0.055610 0.058090 0.060651 0.063296 0.066021 0.068818 0.071686 0.074621 0.077624 0.080691 0.083822 0.087013 0.090264 0.093573 0.096937 0.100355 0.103825 0.107345 0.110913 0.114528 0.118188 0.121891 0.125634 0.129417 0.133238 0.137094 0.140983 0.144905 0.148856 0.152836 0.156843 0.160874 0.164927 0.169002 0.173096 0.177207 0.181352 0.185549 0.189795 0.194088 0.198428 0.202813 0.207240 0.211708 0.216216 0.220761 0.225342 0.229958 0.234607 0.239287 0.243996 0.248732 0.253495 0.258282 0.263092 0.267923 0.272773 0.277641 0.282525 0.287423 0.292333 0.297255 0.302186 0.307125 0.312069 0.317018 0.321969 0.326921 0.331894 0.336906 0.341956 0.347042 0.352160 0.357308 0.362485 0.367687 0.372913 0.378159 0.383425 0.388706 0.394002 0.399309 0.404625 0.409949 0.415276 0.420606 0.425936 0.431264 0.436586 0.441901 0.447207 0.452500 0.457780 0.463042 0.468286 0.473508 0.478707 0.483880 0.489024 0.494137 0.499232 0.504323 0.509409 0.514490 0.519565 0.524635 0.529698 0.534755 0.539805 0.544847 0.549882 0.554908 0.559926 0.564935 0.569934 0.574924 0.579904 0.584874 0.589833 0.594780 0.599716 0.604640 0.609552 0.614450 0.619336 0.624209 0.629067 0.633911 0.638741 0.643555 0.648355 0.653138 0.657922 0.662720 0.667530 0.672349 0.677174 0.682003 0.686832 0.691660 0.696483 0.701298 0.706103 0.710895 0.715672 0.720430 0.725166 0.729879 0.734564 0.739221 0.743845 0.748433 0.752984 0.757495 0.761962 0.766383 0.770756 0.775076 0.779343 0.783552 0.787701 0.791788 0.795810 0.799763 0.803668 0.807547 0.811397 0.815218 0.819007 0.822763 0.826485 0.830171 0.833820 0.837429 0.840998 0.844525 0.848009 0.851447 0.854839 0.858183 0.861478 0.864721 0.867912 0.871048 0.874129 0.877153 0.880118 0.883023 0.885867 0.888647 0.891362 0.894011 0.896592 0.899104 0.901545 0.903914 0.906203 0.908409 0.910533 0.912579 0.914550 0.916447 0.918274 0.920034 0.921729 0.923361 0.924934 0.926451 0.927913 0.929324 0.930686 0.932002 0.933276 0.934508 0.935703 0.936862 0.937989 0.939087 0.940157 0.941203 0.942228 0.943233 0.944222 0.945198 0.946163 0.947120 0.948071 0.949020))
(time 0)
(channel blue)
(curve
    (curve-type smooth)
    (n-points 17)
    (points 34 0.000000 0.031373 -1.000000 -1.000000 0.121569 0.103265 -1.000000 -1.000000 0.247059 0.214688 -1.000000 -1.000000 0.372549 0.347533 -1.000000 -1.000000 0.498039 0.485165 -1.000000 -1.000000 0.623529 0.619805 -1.000000 -1.000000 0.749020 0.751388 -1.000000 -1.000000 0.874510 0.868222 -1.000000 -1.000000 1.000000 0.949020)
    (n-samples 256)
    (samples 256 0.031373 0.033397 0.035423 0.037453 0.039488 0.041530 0.043582 0.045645 0.047720 0.049811 0.051918 0.054043 0.056189 0.058357 0.060549 0.062767 0.065012 0.067287 0.069593 0.071932 0.074307 0.076718 0.079168 0.081659 0.084192 0.086769 0.089392 0.092064 0.094785 0.097557 0.100384 0.103265 0.106200 0.109184 0.112216 0.115294 0.118417 0.121584 0.124794 0.128044 0.131333 0.134661 0.138025 0.141425 0.144859 0.148325 0.151822 0.155349 0.158904 0.162486 0.166094 0.169726 0.173381 0.177057 0.180753 0.184468 0.188200 0.191947 0.195710 0.199485 0.203272 0.207069 0.210875 0.214688 0.218523 0.222394 0.226298 0.230236 0.234204 0.238202 0.242228 0.246281 0.250358 0.254459 0.258582 0.262726 0.266888 0.271067 0.275263 0.279472 0.283695 0.287929 0.292172 0.296424 0.300683 0.304946 0.309214 0.313483 0.317753 0.322022 0.326289 0.330552 0.334809 0.339059 0.343301 0.347533 0.351765 0.356009 0.360264 0.364528 0.368803 0.373085 0.377376 0.381675 0.385979 0.390290 0.394606 0.398926 0.403250 0.407577 0.411906 0.416237 0.420569 0.424900 0.429232 0.433562 0.437890 0.442215 0.446537 0.450855 0.455168 0.459476 0.463777 0.468071 0.472358 0.476636 0.480906 0.485165 0.489418 0.493668 0.497915 0.502159 0.506400 0.510639 0.514874 0.519107 0.523337 0.527564 0.531787 0.536008 0.540227 0.544442 0.548654 0.552863 0.557069 0.561273 0.565473 0.569670 0.573865 0.578056 0.582245 0.586430 0.590613 0.594792 0.598968 0.603142 0.607312 0.611479 0.615644 0.619805 0.623969 0.628140 0.632317 0.636500 0.640687 0.644877 0.649069 0.653261 0.657454 0.661646 0.665835 0.670021 0.674202 0.678378 0.682548 0.686709 0.690862 0.695006 0.699138 0.703259 0.707367 0.711460 0.715539 0.719601 0.723646 0.727673 0.731680 0.735667 0.739632 0.743575 0.747494 0.751388 0.755272 0.759161 0.763053 0.766944 0.770835 0.774722 0.778604 0.782478 0.786343 0.790198 0.794039 0.797865 0.801674 0.805464 0.809233 0.812979 0.816701 0.820395 0.824061 0.827697 0.831300 0.834868 0.838400 0.841893 0.845346 0.848757 0.852123 0.855443 0.858715 0.861937 0.865106 0.868222 0.871284 0.874295 0.877256 0.880169 0.883037 0.885859 0.888639 0.891378 0.894077 0.896738 0.899362 0.901952 0.904510 0.907035 0.909531 0.911999 0.914441 0.916858 0.919252 0.921624 0.923977 0.926311 0.928629 0.930932 0.933222 0.935500 0.937769 0.940029 0.942282 0.944531 0.946776 0.949020))
(time 0)
(channel alpha)
(curve
    (curve-type free)
    (n-points 17)
    (points 34 -1.000000 -1.000000 -1.000000 -1.000000 -1.000000 -1.000000 -1.000000 -1.000000 -1.000000 -1.000000 -1.000000 -1.000000 -1.000000 -1.000000 -1.000000 -1.000000 -1.000000 -1.000000 -1.000000 -1.000000 -1.000000 -1.000000 -1.000000 -1.000000 -1.000000 -1.000000 -1.000000 -1.000000 -1.000000 -1.000000 -1.000000 -1.000000 -1.000000 -1.000000)
    (n-samples 256)
    (samples 256 0.000000 0.003922 0.007843 0.011765 0.015686 0.019608 0.023529 0.027451 0.031373 0.035294 0.039216 0.043137 0.047059 0.050980 0.054902 0.058824 0.062745 0.066667 0.070588 0.074510 0.078431 0.082353 0.086275 0.090196 0.094118 0.098039 0.101961 0.105882 0.109804 0.113725 0.117647 0.121569 0.125490 0.129412 0.133333 0.137255 0.141176 0.145098 0.149020 0.152941 0.156863 0.160784 0.164706 0.168627 0.172549 0.176471 0.180392 0.184314 0.188235 0.192157 0.196078 0.200000 0.203922 0.207843 0.211765 0.215686 0.219608 0.223529 0.227451 0.231373 0.235294 0.239216 0.243137 0.247059 0.250980 0.254902 0.258824 0.262745 0.266667 0.270588 0.274510 0.278431 0.282353 0.286275 0.290196 0.294118 0.298039 0.301961 0.305882 0.309804 0.313725 0.317647 0.321569 0.325490 0.329412 0.333333 0.337255 0.341176 0.345098 0.349020 0.352941 0.356863 0.360784 0.364706 0.368627 0.372549 0.376471 0.380392 0.384314 0.388235 0.392157 0.396078 0.400000 0.403922 0.407843 0.411765 0.415686 0.419608 0.423529 0.427451 0.431373 0.435294 0.439216 0.443137 0.447059 0.450980 0.454902 0.458824 0.462745 0.466667 0.470588 0.474510 0.478431 0.482353 0.486275 0.490196 0.494118 0.498039 0.501961 0.505882 0.509804 0.513725 0.517647 0.521569 0.525490 0.529412 0.533333 0.537255 0.541176 0.545098 0.549020 0.552941 0.556863 0.560784 0.564706 0.568627 0.572549 0.576471 0.580392 0.584314 0.588235 0.592157 0.596078 0.600000 0.603922 0.607843 0.611765 0.615686 0.619608 0.623529 0.627451 0.631373 0.635294 0.639216 0.643137 0.647059 0.650980 0.654902 0.658824 0.662745 0.666667 0.670588 0.674510 0.678431 0.682353 0.686275 0.690196 0.694118 0.698039 0.701961 0.705882 0.709804 0.713725 0.717647 0.721569 0.725490 0.729412 0.733333 0.737255 0.741176 0.745098 0.749020 0.752941 0.756863 0.760784 0.764706 0.768627 0.772549 0.776471 0.780392 0.784314 0.788235 0.792157 0.796078 0.800000 0.803922 0.807843 0.811765 0.815686 0.819608 0.823529 0.827451 0.831373 0.835294 0.839216 0.843137 0.847059 0.850980 0.854902 0.858824 0.862745 0.866667 0.870588 0.874510 0.878431 0.882353 0.886275 0.890196 0.894118 0.898039 0.901961 0.905882 0.909804 0.913725 0.917647 0.921569 0.925490 0.929412 0.933333 0.937255 0.941176 0.945098 0.949020 0.952941 0.956863 0.960784 0.964706 0.968627 0.972549 0.976471 0.980392 0.984314 0.988235 0.992157 0.996078 1.000000))

# end of curves tool settings
