# GIMP curves tool settings

(time 0)
(time 0)
(channel value)
(curve
    (curve-type smooth)
    (n-points 17)
    (points 34 0.000000 0.000000 -1.000000 -1.000000 0.121569 0.121569 -1.000000 -1.000000 0.247059 0.247059 -1.000000 -1.000000 0.372549 0.372549 -1.000000 -1.000000 0.498039 0.498039 -1.000000 -1.000000 0.623529 0.623529 -1.000000 -1.000000 0.749020 0.749020 -1.000000 -1.000000 0.874510 0.874510 -1.000000 -1.000000 1.000000 1.000000)
    (n-samples 256)
    (samples 256 0.000000 0.003922 0.007843 0.011765 0.015686 0.019608 0.023530 0.027451 0.031373 0.035294 0.039216 0.043137 0.047059 0.050981 0.054902 0.058824 0.062745 0.066667 0.070589 0.074510 0.078432 0.082353 0.086275 0.090196 0.094118 0.098040 0.101961 0.105883 0.109804 0.113726 0.117647 0.121569 0.125491 0.129412 0.133334 0.137255 0.141177 0.145098 0.149020 0.152942 0.156863 0.160785 0.164706 0.168628 0.172549 0.176471 0.180392 0.184314 0.188236 0.192157 0.196079 0.200000 0.203922 0.207843 0.211765 0.215687 0.219608 0.223530 0.227451 0.231373 0.235294 0.239216 0.243137 0.247059 0.250981 0.254902 0.258824 0.262745 0.266667 0.270588 0.274510 0.278431 0.282353 0.286275 0.290196 0.294118 0.298039 0.301961 0.305882 0.309804 0.313726 0.317647 0.321569 0.325490 0.329412 0.333333 0.337255 0.341177 0.345098 0.349020 0.352941 0.356863 0.360784 0.364706 0.368627 0.372549 0.376471 0.380392 0.384314 0.388235 0.392157 0.396078 0.400000 0.403921 0.407843 0.411765 0.415686 0.419608 0.423529 0.427451 0.431372 0.435294 0.439216 0.443137 0.447059 0.450980 0.454902 0.458823 0.462745 0.466667 0.470588 0.474510 0.478431 0.482353 0.486274 0.490196 0.494117 0.498039 0.501961 0.505882 0.509804 0.513725 0.517647 0.521568 0.525490 0.529411 0.533333 0.537255 0.541176 0.545098 0.549019 0.552941 0.556862 0.560784 0.564705 0.568627 0.572549 0.576470 0.580392 0.584313 0.588235 0.592156 0.596078 0.600000 0.603921 0.607843 0.611764 0.615686 0.619607 0.623529 0.627451 0.631372 0.635294 0.639215 0.643137 0.647059 0.650980 0.654902 0.658823 0.662745 0.666666 0.670588 0.674510 0.678431 0.682353 0.686274 0.690196 0.694118 0.698039 0.701961 0.705883 0.709804 0.713726 0.717647 0.721569 0.725490 0.729412 0.733334 0.737255 0.741177 0.745098 0.749020 0.752942 0.756863 0.760785 0.764706 0.768628 0.772549 0.776471 0.780393 0.784314 0.788236 0.792157 0.796079 0.800000 0.803922 0.807844 0.811765 0.815687 0.819608 0.823530 0.827451 0.831373 0.835294 0.839216 0.843138 0.847059 0.850981 0.854902 0.858824 0.862745 0.866667 0.870588 0.874510 0.878432 0.882353 0.886275 0.890196 0.894118 0.898039 0.901961 0.905883 0.909804 0.913726 0.917647 0.921569 0.925490 0.929412 0.933333 0.937255 0.941177 0.945098 0.949020 0.952941 0.956863 0.960784 0.964706 0.968627 0.972549 0.976471 0.980392 0.984314 0.988235 0.992157 0.996078 1.000000))
(time 0)
(channel red)
(curve
    (curve-type smooth)
    (n-points 17)
    (points 34 0.000000 0.101961 -1.000000 -1.000000 0.121569 0.101961 -1.000000 -1.000000 0.247059 0.164706 -1.000000 -1.000000 0.372549 0.333333 -1.000000 -1.000000 0.498039 0.521569 -1.000000 -1.000000 0.623529 0.701961 -1.000000 -1.000000 0.749020 0.850980 -1.000000 -1.000000 0.874510 0.956863 -1.000000 -1.000000 1.000000 1.000000)
    (n-samples 256)
    (samples 256 0.101961 0.101464 0.100969 0.100481 0.100002 0.099536 0.099085 0.098653 0.098243 0.097857 0.097499 0.097173 0.096881 0.096626 0.096411 0.096240 0.096116 0.096041 0.096019 0.096054 0.096147 0.096302 0.096523 0.096812 0.097173 0.097608 0.098121 0.098715 0.099393 0.100158 0.101013 0.101961 0.102966 0.103993 0.105044 0.106126 0.107240 0.108392 0.109585 0.110824 0.112112 0.113454 0.114854 0.116315 0.117842 0.119438 0.121108 0.122857 0.124687 0.126602 0.128608 0.130708 0.132906 0.135206 0.137612 0.140128 0.142758 0.145506 0.148377 0.151374 0.154502 0.157763 0.161163 0.164706 0.168414 0.172301 0.176360 0.180584 0.184963 0.189491 0.194158 0.198958 0.203883 0.208924 0.214074 0.219324 0.224668 0.230096 0.235602 0.241176 0.246812 0.252502 0.258236 0.264009 0.269811 0.275634 0.281472 0.287316 0.293158 0.298990 0.304804 0.310593 0.316348 0.322061 0.327726 0.333333 0.338932 0.344574 0.350256 0.355978 0.361735 0.367526 0.373347 0.379197 0.385073 0.390972 0.396892 0.402830 0.408784 0.414751 0.420729 0.426716 0.432708 0.438703 0.444699 0.450693 0.456683 0.462666 0.468640 0.474602 0.480549 0.486480 0.492391 0.498281 0.504146 0.509984 0.515792 0.521569 0.527336 0.533116 0.538908 0.544708 0.550515 0.556326 0.562140 0.567954 0.573766 0.579574 0.585376 0.591169 0.596952 0.602722 0.608478 0.614216 0.619935 0.625633 0.631308 0.636957 0.642578 0.648169 0.653728 0.659253 0.664741 0.670191 0.675600 0.680967 0.686288 0.691563 0.696788 0.701961 0.707098 0.712215 0.717311 0.722384 0.727434 0.732460 0.737460 0.742433 0.747378 0.752294 0.757181 0.762037 0.766860 0.771650 0.776407 0.781127 0.785812 0.790459 0.795067 0.799636 0.804164 0.808650 0.813094 0.817494 0.821848 0.826157 0.830418 0.834631 0.838795 0.842909 0.846971 0.850980 0.854951 0.858897 0.862817 0.866708 0.870570 0.874399 0.878194 0.881954 0.885677 0.889360 0.893003 0.896603 0.900158 0.903667 0.907128 0.910539 0.913898 0.917204 0.920455 0.923648 0.926783 0.929857 0.932868 0.935815 0.938696 0.941509 0.944253 0.946925 0.949524 0.952048 0.954495 0.956863 0.959146 0.961340 0.963448 0.965472 0.967416 0.969283 0.971074 0.972794 0.974445 0.976030 0.977552 0.979014 0.980418 0.981767 0.983065 0.984314 0.985517 0.986677 0.987796 0.988879 0.989927 0.990943 0.991931 0.992892 0.993831 0.994750 0.995651 0.996538 0.997414 0.998281 0.999142 1.000000))
(time 0)
(channel green)
(curve
    (curve-type smooth)
    (n-points 17)
    (points 34 0.000000 0.192157 -1.000000 -1.000000 0.121569 0.192157 -1.000000 -1.000000 0.247059 0.192157 -1.000000 -1.000000 0.372549 0.329412 -1.000000 -1.000000 0.498039 0.517647 -1.000000 -1.000000 0.623529 0.698039 -1.000000 -1.000000 0.749020 0.850980 -1.000000 -1.000000 0.874510 0.956863 -1.000000 -1.000000 1.000000 1.000000)
    (n-samples 256)
    (samples 256 0.192157 0.192157 0.192157 0.192157 0.192157 0.192157 0.192157 0.192157 0.192157 0.192157 0.192157 0.192157 0.192157 0.192157 0.192157 0.192157 0.192157 0.192157 0.192157 0.192157 0.192157 0.192157 0.192157 0.192157 0.192157 0.192157 0.192157 0.192157 0.192157 0.192157 0.192157 0.192157 0.192092 0.191906 0.191610 0.191219 0.190743 0.190197 0.189591 0.188940 0.188255 0.187549 0.186835 0.186125 0.185432 0.184768 0.184146 0.183579 0.183078 0.182657 0.182328 0.182104 0.181997 0.182020 0.182186 0.182506 0.182994 0.183662 0.184523 0.185589 0.186873 0.188387 0.190144 0.192157 0.194409 0.196872 0.199538 0.202398 0.205444 0.208670 0.212066 0.215625 0.219340 0.223201 0.227202 0.231334 0.235590 0.239962 0.244441 0.249020 0.253691 0.258446 0.263277 0.268176 0.273135 0.278147 0.283204 0.288297 0.293419 0.298561 0.303717 0.308877 0.314035 0.319182 0.324310 0.329412 0.334550 0.339791 0.345128 0.350556 0.356069 0.361663 0.367332 0.373070 0.378872 0.384734 0.390648 0.396611 0.402616 0.408659 0.414733 0.420833 0.426955 0.433093 0.439240 0.445393 0.451545 0.457691 0.463826 0.469945 0.476041 0.482110 0.488146 0.494144 0.500099 0.506004 0.511856 0.517647 0.523412 0.529187 0.534970 0.540759 0.546552 0.552348 0.558144 0.563940 0.569732 0.575520 0.581302 0.587075 0.592838 0.598589 0.604327 0.610049 0.615754 0.621440 0.627105 0.632747 0.638365 0.643957 0.649521 0.655055 0.660557 0.666026 0.671460 0.676857 0.682215 0.687533 0.692808 0.698039 0.703243 0.708438 0.713621 0.718792 0.723947 0.729086 0.734207 0.739307 0.744386 0.749440 0.754469 0.759470 0.764443 0.769384 0.774292 0.779166 0.784004 0.788803 0.793563 0.798280 0.802954 0.807583 0.812164 0.816697 0.821179 0.825608 0.829983 0.834302 0.838563 0.842764 0.846904 0.850980 0.855009 0.859005 0.862968 0.866896 0.870788 0.874642 0.878456 0.882230 0.885962 0.889650 0.893293 0.896890 0.900439 0.903939 0.907388 0.910784 0.914127 0.917415 0.920647 0.923821 0.926935 0.929988 0.932979 0.935907 0.938769 0.941565 0.944293 0.946952 0.949539 0.952055 0.954497 0.956863 0.959146 0.961340 0.963448 0.965472 0.967416 0.969283 0.971074 0.972794 0.974445 0.976030 0.977552 0.979014 0.980418 0.981767 0.983065 0.984314 0.985517 0.986677 0.987796 0.988879 0.989927 0.990943 0.991931 0.992892 0.993831 0.994750 0.995651 0.996538 0.997414 0.998281 0.999142 1.000000))
(time 0)
(channel blue)
(curve
    (curve-type smooth)
    (n-points 17)
    (points 34 0.000000 0.266667 -1.000000 -1.000000 0.121569 0.266667 -1.000000 -1.000000 0.247059 0.266667 -1.000000 -1.000000 0.372549 0.290196 -1.000000 -1.000000 0.498039 0.470588 -1.000000 -1.000000 0.623529 0.658824 -1.000000 -1.000000 0.749020 0.827451 -1.000000 -1.000000 0.874510 0.949020 -1.000000 -1.000000 1.000000 1.000000)
    (n-samples 256)
    (samples 256 0.266667 0.266667 0.266667 0.266667 0.266667 0.266667 0.266667 0.266667 0.266667 0.266667 0.266667 0.266667 0.266667 0.266667 0.266667 0.266667 0.266667 0.266667 0.266667 0.266667 0.266667 0.266667 0.266667 0.266667 0.266667 0.266667 0.266667 0.266667 0.266667 0.266667 0.266667 0.266667 0.266656 0.266624 0.266573 0.266506 0.266425 0.266331 0.266227 0.266116 0.265998 0.265877 0.265755 0.265633 0.265514 0.265400 0.265294 0.265196 0.265111 0.265038 0.264982 0.264944 0.264925 0.264929 0.264958 0.265013 0.265096 0.265211 0.265358 0.265541 0.265761 0.266021 0.266322 0.266667 0.266983 0.267204 0.267342 0.267410 0.267419 0.267382 0.267311 0.267218 0.267116 0.267016 0.266931 0.266874 0.266855 0.266888 0.266985 0.267157 0.267418 0.267778 0.268252 0.268850 0.269585 0.270469 0.271514 0.272733 0.274137 0.275740 0.277553 0.279588 0.281858 0.284374 0.287149 0.290196 0.293529 0.297148 0.301038 0.305185 0.309577 0.314199 0.319038 0.324081 0.329313 0.334720 0.340291 0.346009 0.351863 0.357838 0.363921 0.370098 0.376355 0.382679 0.389056 0.395473 0.401916 0.408370 0.414824 0.421262 0.427672 0.434039 0.440350 0.446591 0.452750 0.458811 0.464762 0.470588 0.476365 0.482173 0.488011 0.493876 0.499766 0.505677 0.511608 0.517555 0.523517 0.529491 0.535474 0.541464 0.547458 0.553454 0.559449 0.565441 0.571428 0.577406 0.583373 0.589327 0.595265 0.601185 0.607084 0.612960 0.618810 0.624631 0.630422 0.636179 0.641901 0.647583 0.653225 0.658824 0.664403 0.669988 0.675575 0.681162 0.686747 0.692327 0.697900 0.703462 0.709013 0.714548 0.720066 0.725563 0.731039 0.736489 0.741912 0.747304 0.752664 0.757989 0.763277 0.768524 0.773729 0.778889 0.784001 0.789063 0.794072 0.799026 0.803922 0.808758 0.813532 0.818240 0.822881 0.827451 0.831973 0.836471 0.840941 0.845381 0.849790 0.854166 0.858505 0.862806 0.867068 0.871286 0.875461 0.879588 0.883667 0.887695 0.891669 0.895588 0.899450 0.903253 0.906993 0.910670 0.914280 0.917823 0.921295 0.924694 0.928019 0.931267 0.934436 0.937523 0.940528 0.943447 0.946278 0.949020 0.951665 0.954210 0.956657 0.959012 0.961275 0.963452 0.965544 0.967556 0.969490 0.971349 0.973138 0.974859 0.976515 0.978109 0.979646 0.981128 0.982558 0.983939 0.985275 0.986570 0.987825 0.989045 0.990233 0.991391 0.992524 0.993634 0.994724 0.995799 0.996861 0.997912 0.998958 1.000000))
(time 0)
(channel alpha)
(curve
    (curve-type free)
    (n-points 17)
    (points 34 -1.000000 -1.000000 -1.000000 -1.000000 -1.000000 -1.000000 -1.000000 -1.000000 -1.000000 -1.000000 -1.000000 -1.000000 -1.000000 -1.000000 -1.000000 -1.000000 -1.000000 -1.000000 -1.000000 -1.000000 -1.000000 -1.000000 -1.000000 -1.000000 -1.000000 -1.000000 -1.000000 -1.000000 -1.000000 -1.000000 -1.000000 -1.000000 -1.000000 -1.000000)
    (n-samples 256)
    (samples 256 0.000000 0.003922 0.007843 0.011765 0.015686 0.019608 0.023529 0.027451 0.031373 0.035294 0.039216 0.043137 0.047059 0.050980 0.054902 0.058824 0.062745 0.066667 0.070588 0.074510 0.078431 0.082353 0.086275 0.090196 0.094118 0.098039 0.101961 0.105882 0.109804 0.113725 0.117647 0.121569 0.125490 0.129412 0.133333 0.137255 0.141176 0.145098 0.149020 0.152941 0.156863 0.160784 0.164706 0.168627 0.172549 0.176471 0.180392 0.184314 0.188235 0.192157 0.196078 0.200000 0.203922 0.207843 0.211765 0.215686 0.219608 0.223529 0.227451 0.231373 0.235294 0.239216 0.243137 0.247059 0.250980 0.254902 0.258824 0.262745 0.266667 0.270588 0.274510 0.278431 0.282353 0.286275 0.290196 0.294118 0.298039 0.301961 0.305882 0.309804 0.313725 0.317647 0.321569 0.325490 0.329412 0.333333 0.337255 0.341176 0.345098 0.349020 0.352941 0.356863 0.360784 0.364706 0.368627 0.372549 0.376471 0.380392 0.384314 0.388235 0.392157 0.396078 0.400000 0.403922 0.407843 0.411765 0.415686 0.419608 0.423529 0.427451 0.431373 0.435294 0.439216 0.443137 0.447059 0.450980 0.454902 0.458824 0.462745 0.466667 0.470588 0.474510 0.478431 0.482353 0.486275 0.490196 0.494118 0.498039 0.501961 0.505882 0.509804 0.513725 0.517647 0.521569 0.525490 0.529412 0.533333 0.537255 0.541176 0.545098 0.549020 0.552941 0.556863 0.560784 0.564706 0.568627 0.572549 0.576471 0.580392 0.584314 0.588235 0.592157 0.596078 0.600000 0.603922 0.607843 0.611765 0.615686 0.619608 0.623529 0.627451 0.631373 0.635294 0.639216 0.643137 0.647059 0.650980 0.654902 0.658824 0.662745 0.666667 0.670588 0.674510 0.678431 0.682353 0.686275 0.690196 0.694118 0.698039 0.701961 0.705882 0.709804 0.713725 0.717647 0.721569 0.725490 0.729412 0.733333 0.737255 0.741176 0.745098 0.749020 0.752941 0.756863 0.760784 0.764706 0.768627 0.772549 0.776471 0.780392 0.784314 0.788235 0.792157 0.796078 0.800000 0.803922 0.807843 0.811765 0.815686 0.819608 0.823529 0.827451 0.831373 0.835294 0.839216 0.843137 0.847059 0.850980 0.854902 0.858824 0.862745 0.866667 0.870588 0.874510 0.878431 0.882353 0.886275 0.890196 0.894118 0.898039 0.901961 0.905882 0.909804 0.913725 0.917647 0.921569 0.925490 0.929412 0.933333 0.937255 0.941176 0.945098 0.949020 0.952941 0.956863 0.960784 0.964706 0.968627 0.972549 0.976471 0.980392 0.984314 0.988235 0.992157 0.996078 1.000000))

# end of curves tool settings
