# GIMP curves tool settings

(time 0)
(time 0)
(channel value)
(curve
    (curve-type smooth)
    (n-points 17)
    (points 34 0.000000 0.000000 -1.000000 -1.000000 -1.000000 -1.000000 -1.000000 -1.000000 -1.000000 -1.000000 -1.000000 -1.000000 -1.000000 -1.000000 -1.000000 -1.000000 -1.000000 -1.000000 -1.000000 -1.000000 -1.000000 -1.000000 -1.000000 -1.000000 -1.000000 -1.000000 -1.000000 -1.000000 -1.000000 -1.000000 -1.000000 -1.000000 1.000000 1.000000)
    (n-samples 256)
    (samples 256 0.000000 0.003922 0.007843 0.011765 0.015686 0.019608 0.023529 0.027451 0.031373 0.035294 0.039216 0.043137 0.047059 0.050980 0.054902 0.058824 0.062745 0.066667 0.070588 0.074510 0.078431 0.082353 0.086275 0.090196 0.094118 0.098039 0.101961 0.105882 0.109804 0.113725 0.117647 0.121569 0.125490 0.129412 0.133333 0.137255 0.141176 0.145098 0.149020 0.152941 0.156863 0.160784 0.164706 0.168627 0.172549 0.176471 0.180392 0.184314 0.188235 0.192157 0.196078 0.200000 0.203922 0.207843 0.211765 0.215686 0.219608 0.223529 0.227451 0.231373 0.235294 0.239216 0.243137 0.247059 0.250980 0.254902 0.258824 0.262745 0.266667 0.270588 0.274510 0.278431 0.282353 0.286275 0.290196 0.294118 0.298039 0.301961 0.305882 0.309804 0.313725 0.317647 0.321569 0.325490 0.329412 0.333333 0.337255 0.341176 0.345098 0.349020 0.352941 0.356863 0.360784 0.364706 0.368627 0.372549 0.376471 0.380392 0.384314 0.388235 0.392157 0.396078 0.400000 0.403922 0.407843 0.411765 0.415686 0.419608 0.423529 0.427451 0.431373 0.435294 0.439216 0.443137 0.447059 0.450980 0.454902 0.458824 0.462745 0.466667 0.470588 0.474510 0.478431 0.482353 0.486275 0.490196 0.494118 0.498039 0.501961 0.505882 0.509804 0.513725 0.517647 0.521569 0.525490 0.529412 0.533333 0.537255 0.541176 0.545098 0.549020 0.552941 0.556863 0.560784 0.564706 0.568627 0.572549 0.576471 0.580392 0.584314 0.588235 0.592157 0.596078 0.600000 0.603922 0.607843 0.611765 0.615686 0.619608 0.623529 0.627451 0.631373 0.635294 0.639216 0.643137 0.647059 0.650980 0.654902 0.658824 0.662745 0.666667 0.670588 0.674510 0.678431 0.682353 0.686275 0.690196 0.694118 0.698039 0.701961 0.705882 0.709804 0.713725 0.717647 0.721569 0.725490 0.729412 0.733333 0.737255 0.741176 0.745098 0.749020 0.752941 0.756863 0.760784 0.764706 0.768627 0.772549 0.776471 0.780392 0.784314 0.788235 0.792157 0.796078 0.800000 0.803922 0.807843 0.811765 0.815686 0.819608 0.823529 0.827451 0.831373 0.835294 0.839216 0.843137 0.847059 0.850980 0.854902 0.858824 0.862745 0.866667 0.870588 0.874510 0.878431 0.882353 0.886275 0.890196 0.894118 0.898039 0.901961 0.905882 0.909804 0.913725 0.917647 0.921569 0.925490 0.929412 0.933333 0.937255 0.941176 0.945098 0.949020 0.952941 0.956863 0.960784 0.964706 0.968627 0.972549 0.976471 0.980392 0.984314 0.988235 0.992157 0.996078 1.000000))
(time 0)
(channel red)
(curve
    (curve-type smooth)
    (n-points 17)
    (points 34 0.000000 0.003922 -1.000000 -1.000000 0.121569 0.011765 -1.000000 -1.000000 0.247059 0.074510 -1.000000 -1.000000 0.372549 0.200000 -1.000000 -1.000000 0.498039 0.380392 -1.000000 -1.000000 0.623529 0.584314 -1.000000 -1.000000 0.749020 0.784314 -1.000000 -1.000000 0.874510 0.933333 -1.000000 -1.000000 1.000000 1.000000)
    (n-samples 256)
    (samples 256 0.003922 0.003742 0.003564 0.003392 0.003228 0.003075 0.002935 0.002812 0.002707 0.002625 0.002566 0.002535 0.002533 0.002564 0.002630 0.002734 0.002879 0.003067 0.003301 0.003584 0.003918 0.004307 0.004752 0.005257 0.005824 0.006456 0.007156 0.007926 0.008769 0.009688 0.010686 0.011765 0.012907 0.014095 0.015327 0.016606 0.017931 0.019305 0.020727 0.022199 0.023721 0.025295 0.026920 0.028598 0.030330 0.032116 0.033957 0.035855 0.037809 0.039821 0.041892 0.044022 0.046212 0.048463 0.050776 0.053151 0.055591 0.058094 0.060662 0.063297 0.065998 0.068767 0.071604 0.074510 0.077486 0.080529 0.083640 0.086818 0.090063 0.093372 0.096746 0.100184 0.103685 0.107249 0.110874 0.114560 0.118307 0.122114 0.125979 0.129902 0.133883 0.137920 0.142014 0.146163 0.150366 0.154623 0.158934 0.163297 0.167711 0.172177 0.176692 0.181258 0.185872 0.190534 0.195244 0.200000 0.204821 0.209723 0.214704 0.219761 0.224890 0.230090 0.235356 0.240686 0.246078 0.251528 0.257034 0.262592 0.268200 0.273855 0.279554 0.285294 0.291072 0.296886 0.302733 0.308609 0.314512 0.320439 0.326387 0.332353 0.338334 0.344328 0.350332 0.356342 0.362356 0.368371 0.374384 0.380392 0.386421 0.392498 0.398619 0.404783 0.410987 0.417227 0.423502 0.429810 0.436147 0.442512 0.448901 0.455312 0.461743 0.468190 0.474653 0.481128 0.487612 0.494103 0.500599 0.507096 0.513594 0.520088 0.526577 0.533058 0.539528 0.545985 0.552427 0.558851 0.565254 0.571634 0.577988 0.584314 0.590646 0.597015 0.603418 0.609850 0.616307 0.622785 0.629279 0.635785 0.642298 0.648815 0.655331 0.661842 0.668343 0.674830 0.681299 0.687745 0.694165 0.700554 0.706907 0.713220 0.719490 0.725711 0.731879 0.737991 0.744041 0.750025 0.755940 0.761780 0.767542 0.773221 0.778813 0.784314 0.789757 0.795179 0.800575 0.805944 0.811282 0.816586 0.821855 0.827083 0.832270 0.837412 0.842506 0.847549 0.852539 0.857472 0.862345 0.867157 0.871903 0.876582 0.881189 0.885723 0.890180 0.894558 0.898853 0.903063 0.907186 0.911217 0.915154 0.918995 0.922736 0.926375 0.929908 0.933333 0.936643 0.939837 0.942917 0.945889 0.948754 0.951518 0.954184 0.956755 0.959236 0.961631 0.963942 0.966174 0.968331 0.970416 0.972434 0.974387 0.976280 0.978116 0.979900 0.981635 0.983324 0.984972 0.986582 0.988159 0.989705 0.991224 0.992722 0.994200 0.995663 0.997115 0.998559 1.000000))
(time 0)
(channel green)
(curve
    (curve-type smooth)
    (n-points 17)
    (points 34 0.000000 0.003922 -1.000000 -1.000000 0.121569 0.039216 -1.000000 -1.000000 0.247059 0.160784 -1.000000 -1.000000 0.372549 0.317647 -1.000000 -1.000000 0.498039 0.501961 -1.000000 -1.000000 0.623529 0.682353 -1.000000 -1.000000 0.749020 0.843137 -1.000000 -1.000000 0.874510 0.952941 -1.000000 -1.000000 1.000000 1.000000)
    (n-samples 256)
    (samples 256 0.003922 0.004386 0.004853 0.005329 0.005818 0.006324 0.006851 0.007403 0.007985 0.008600 0.009253 0.009949 0.010691 0.011484 0.012331 0.013238 0.014207 0.015245 0.016354 0.017538 0.018804 0.020153 0.021591 0.023122 0.024750 0.026479 0.028313 0.030258 0.032316 0.034492 0.036791 0.039216 0.041770 0.044448 0.047247 0.050162 0.053188 0.056321 0.059556 0.062890 0.066317 0.069833 0.073435 0.077116 0.080874 0.084703 0.088599 0.092558 0.096574 0.100645 0.104764 0.108929 0.113134 0.117375 0.121647 0.125947 0.130269 0.134609 0.138963 0.143326 0.147695 0.152063 0.156428 0.160784 0.165155 0.169568 0.174022 0.178515 0.183048 0.187619 0.192228 0.196875 0.201557 0.206276 0.211029 0.215816 0.220637 0.225491 0.230377 0.235294 0.240242 0.245219 0.250226 0.255262 0.260325 0.265415 0.270532 0.275674 0.280841 0.286032 0.291247 0.296484 0.301744 0.307024 0.312326 0.317647 0.323006 0.328420 0.333885 0.339399 0.344960 0.350563 0.356206 0.361887 0.367603 0.373349 0.379125 0.384927 0.390751 0.396596 0.402457 0.408333 0.414221 0.420117 0.426019 0.431924 0.437829 0.443731 0.449627 0.455515 0.461391 0.467253 0.473097 0.478922 0.484723 0.490499 0.496246 0.501961 0.507665 0.513379 0.519102 0.524832 0.530567 0.536307 0.542050 0.547794 0.553539 0.559281 0.565021 0.570757 0.576487 0.582210 0.587924 0.593628 0.599320 0.605000 0.610665 0.616314 0.621947 0.627560 0.633154 0.638726 0.644275 0.649799 0.655298 0.660769 0.666212 0.671624 0.677005 0.682353 0.687689 0.693034 0.698384 0.703738 0.709091 0.714442 0.719786 0.725123 0.730447 0.735757 0.741051 0.746323 0.751573 0.756798 0.761993 0.767157 0.772286 0.777378 0.782430 0.787439 0.792401 0.797315 0.802177 0.806985 0.811735 0.816425 0.821052 0.825613 0.830104 0.834524 0.838869 0.843137 0.847346 0.851515 0.855644 0.859731 0.863776 0.867777 0.871733 0.875643 0.879507 0.883322 0.887088 0.890805 0.894470 0.898083 0.901642 0.905147 0.908596 0.911989 0.915324 0.918600 0.921817 0.924972 0.928066 0.931097 0.934063 0.936964 0.939799 0.942566 0.945265 0.947895 0.950454 0.952941 0.955347 0.957663 0.959893 0.962040 0.964107 0.966096 0.968010 0.969853 0.971626 0.973334 0.974978 0.976562 0.978089 0.979561 0.980981 0.982353 0.983678 0.984961 0.986203 0.987408 0.988578 0.989717 0.990827 0.991912 0.992973 0.994014 0.995038 0.996048 0.997046 0.998035 0.999019 1.000000))
(time 0)
(channel blue)
(curve
    (curve-type smooth)
    (n-points 17)
    (points 34 0.000000 0.003922 -1.000000 -1.000000 0.121569 0.007843 -1.000000 -1.000000 0.247059 0.058824 -1.000000 -1.000000 0.372549 0.172549 -1.000000 -1.000000 0.498039 0.349020 -1.000000 -1.000000 0.623529 0.556863 -1.000000 -1.000000 0.749020 0.768627 -1.000000 -1.000000 0.874510 0.929412 -1.000000 -1.000000 1.000000 1.000000)
    (n-samples 256)
    (samples 256 0.003922 0.003676 0.003433 0.003194 0.002963 0.002740 0.002530 0.002333 0.002152 0.001991 0.001850 0.001732 0.001640 0.001576 0.001542 0.001540 0.001574 0.001644 0.001754 0.001906 0.002103 0.002346 0.002637 0.002980 0.003376 0.003828 0.004338 0.004909 0.005543 0.006241 0.007007 0.007843 0.008729 0.009646 0.010594 0.011577 0.012594 0.013647 0.014739 0.015870 0.017042 0.018257 0.019516 0.020821 0.022172 0.023573 0.025023 0.026525 0.028081 0.029691 0.031357 0.033081 0.034864 0.036708 0.038614 0.040585 0.042620 0.044722 0.046893 0.049133 0.051445 0.053830 0.056289 0.058824 0.061428 0.064094 0.066820 0.069608 0.072458 0.075368 0.078340 0.081373 0.084467 0.087623 0.090840 0.094118 0.097457 0.100858 0.104320 0.107843 0.111428 0.115074 0.118781 0.122549 0.126379 0.130270 0.134222 0.138235 0.142310 0.146446 0.150643 0.154902 0.159222 0.163603 0.168045 0.172549 0.177129 0.181798 0.186553 0.191391 0.196310 0.201306 0.206377 0.211520 0.216731 0.222009 0.227350 0.232751 0.238210 0.243723 0.249288 0.254902 0.260562 0.266265 0.272008 0.277788 0.283603 0.289450 0.295325 0.301226 0.307150 0.313094 0.319055 0.325031 0.331018 0.337014 0.343016 0.349020 0.355053 0.361141 0.367282 0.373472 0.379710 0.385993 0.392318 0.398683 0.405085 0.411522 0.417992 0.424491 0.431018 0.437569 0.444142 0.450736 0.457346 0.463971 0.470609 0.477256 0.483910 0.490569 0.497230 0.503891 0.510549 0.517202 0.523846 0.530481 0.537102 0.543708 0.550296 0.556863 0.563447 0.570084 0.576768 0.583494 0.590258 0.597054 0.603878 0.610723 0.617586 0.624461 0.631343 0.638228 0.645109 0.651983 0.658843 0.665686 0.672506 0.679298 0.686056 0.692777 0.699455 0.706084 0.712660 0.719179 0.725634 0.732020 0.738334 0.744569 0.750721 0.756785 0.762755 0.768627 0.774442 0.780241 0.786022 0.791781 0.797514 0.803217 0.808888 0.814522 0.820115 0.825665 0.831167 0.836619 0.842016 0.847354 0.852631 0.857843 0.862986 0.868056 0.873050 0.877964 0.882795 0.887539 0.892193 0.896753 0.901214 0.905575 0.909831 0.913978 0.918014 0.921934 0.925734 0.929412 0.932962 0.936384 0.939682 0.942860 0.945922 0.948874 0.951717 0.954458 0.957099 0.959646 0.962102 0.964471 0.966757 0.968965 0.971099 0.973162 0.975159 0.977095 0.978972 0.980796 0.982571 0.984300 0.985987 0.987638 0.989255 0.990844 0.992408 0.993951 0.995478 0.996992 0.998498 1.000000))
(time 0)
(channel alpha)
(curve
    (curve-type free)
    (n-points 17)
    (points 34 -1.000000 -1.000000 -1.000000 -1.000000 -1.000000 -1.000000 -1.000000 -1.000000 -1.000000 -1.000000 -1.000000 -1.000000 -1.000000 -1.000000 -1.000000 -1.000000 -1.000000 -1.000000 -1.000000 -1.000000 -1.000000 -1.000000 -1.000000 -1.000000 -1.000000 -1.000000 -1.000000 -1.000000 -1.000000 -1.000000 -1.000000 -1.000000 -1.000000 -1.000000)
    (n-samples 256)
    (samples 256 0.000000 0.003922 0.007843 0.011765 0.015686 0.019608 0.023529 0.027451 0.031373 0.035294 0.039216 0.043137 0.047059 0.050980 0.054902 0.058824 0.062745 0.066667 0.070588 0.074510 0.078431 0.082353 0.086275 0.090196 0.094118 0.098039 0.101961 0.105882 0.109804 0.113725 0.117647 0.121569 0.125490 0.129412 0.133333 0.137255 0.141176 0.145098 0.149020 0.152941 0.156863 0.160784 0.164706 0.168627 0.172549 0.176471 0.180392 0.184314 0.188235 0.192157 0.196078 0.200000 0.203922 0.207843 0.211765 0.215686 0.219608 0.223529 0.227451 0.231373 0.235294 0.239216 0.243137 0.247059 0.250980 0.254902 0.258824 0.262745 0.266667 0.270588 0.274510 0.278431 0.282353 0.286275 0.290196 0.294118 0.298039 0.301961 0.305882 0.309804 0.313725 0.317647 0.321569 0.325490 0.329412 0.333333 0.337255 0.341176 0.345098 0.349020 0.352941 0.356863 0.360784 0.364706 0.368627 0.372549 0.376471 0.380392 0.384314 0.388235 0.392157 0.396078 0.400000 0.403922 0.407843 0.411765 0.415686 0.419608 0.423529 0.427451 0.431373 0.435294 0.439216 0.443137 0.447059 0.450980 0.454902 0.458824 0.462745 0.466667 0.470588 0.474510 0.478431 0.482353 0.486275 0.490196 0.494118 0.498039 0.501961 0.505882 0.509804 0.513725 0.517647 0.521569 0.525490 0.529412 0.533333 0.537255 0.541176 0.545098 0.549020 0.552941 0.556863 0.560784 0.564706 0.568627 0.572549 0.576471 0.580392 0.584314 0.588235 0.592157 0.596078 0.600000 0.603922 0.607843 0.611765 0.615686 0.619608 0.623529 0.627451 0.631373 0.635294 0.639216 0.643137 0.647059 0.650980 0.654902 0.658824 0.662745 0.666667 0.670588 0.674510 0.678431 0.682353 0.686275 0.690196 0.694118 0.698039 0.701961 0.705882 0.709804 0.713725 0.717647 0.721569 0.725490 0.729412 0.733333 0.737255 0.741176 0.745098 0.749020 0.752941 0.756863 0.760784 0.764706 0.768627 0.772549 0.776471 0.780392 0.784314 0.788235 0.792157 0.796078 0.800000 0.803922 0.807843 0.811765 0.815686 0.819608 0.823529 0.827451 0.831373 0.835294 0.839216 0.843137 0.847059 0.850980 0.854902 0.858824 0.862745 0.866667 0.870588 0.874510 0.878431 0.882353 0.886275 0.890196 0.894118 0.898039 0.901961 0.905882 0.909804 0.913725 0.917647 0.921569 0.925490 0.929412 0.933333 0.937255 0.941176 0.945098 0.949020 0.952941 0.956863 0.960784 0.964706 0.968627 0.972549 0.976471 0.980392 0.984314 0.988235 0.992157 0.996078 1.000000))

# end of curves tool settings
