# GIMP curves tool settings

(time 0)
(time 0)
(channel value)
(curve
    (curve-type smooth)
    (n-points 17)
    (points 34 0.000000 0.000000 -1.000000 -1.000000 -1.000000 -1.000000 -1.000000 -1.000000 -1.000000 -1.000000 -1.000000 -1.000000 -1.000000 -1.000000 -1.000000 -1.000000 -1.000000 -1.000000 -1.000000 -1.000000 -1.000000 -1.000000 -1.000000 -1.000000 -1.000000 -1.000000 -1.000000 -1.000000 -1.000000 -1.000000 -1.000000 -1.000000 1.000000 1.000000)
    (n-samples 256)
    (samples 256 0.000000 0.003922 0.007843 0.011765 0.015686 0.019608 0.023529 0.027451 0.031373 0.035294 0.039216 0.043137 0.047059 0.050980 0.054902 0.058824 0.062745 0.066667 0.070588 0.074510 0.078431 0.082353 0.086275 0.090196 0.094118 0.098039 0.101961 0.105882 0.109804 0.113725 0.117647 0.121569 0.125490 0.129412 0.133333 0.137255 0.141176 0.145098 0.149020 0.152941 0.156863 0.160784 0.164706 0.168627 0.172549 0.176471 0.180392 0.184314 0.188235 0.192157 0.196078 0.200000 0.203922 0.207843 0.211765 0.215686 0.219608 0.223529 0.227451 0.231373 0.235294 0.239216 0.243137 0.247059 0.250980 0.254902 0.258824 0.262745 0.266667 0.270588 0.274510 0.278431 0.282353 0.286275 0.290196 0.294118 0.298039 0.301961 0.305882 0.309804 0.313725 0.317647 0.321569 0.325490 0.329412 0.333333 0.337255 0.341176 0.345098 0.349020 0.352941 0.356863 0.360784 0.364706 0.368627 0.372549 0.376471 0.380392 0.384314 0.388235 0.392157 0.396078 0.400000 0.403922 0.407843 0.411765 0.415686 0.419608 0.423529 0.427451 0.431373 0.435294 0.439216 0.443137 0.447059 0.450980 0.454902 0.458824 0.462745 0.466667 0.470588 0.474510 0.478431 0.482353 0.486275 0.490196 0.494118 0.498039 0.501961 0.505882 0.509804 0.513725 0.517647 0.521569 0.525490 0.529412 0.533333 0.537255 0.541176 0.545098 0.549020 0.552941 0.556863 0.560784 0.564706 0.568627 0.572549 0.576471 0.580392 0.584314 0.588235 0.592157 0.596078 0.600000 0.603922 0.607843 0.611765 0.615686 0.619608 0.623529 0.627451 0.631373 0.635294 0.639216 0.643137 0.647059 0.650980 0.654902 0.658824 0.662745 0.666667 0.670588 0.674510 0.678431 0.682353 0.686275 0.690196 0.694118 0.698039 0.701961 0.705882 0.709804 0.713725 0.717647 0.721569 0.725490 0.729412 0.733333 0.737255 0.741176 0.745098 0.749020 0.752941 0.756863 0.760784 0.764706 0.768627 0.772549 0.776471 0.780392 0.784314 0.788235 0.792157 0.796078 0.800000 0.803922 0.807843 0.811765 0.815686 0.819608 0.823529 0.827451 0.831373 0.835294 0.839216 0.843137 0.847059 0.850980 0.854902 0.858824 0.862745 0.866667 0.870588 0.874510 0.878431 0.882353 0.886275 0.890196 0.894118 0.898039 0.901961 0.905882 0.909804 0.913725 0.917647 0.921569 0.925490 0.929412 0.933333 0.937255 0.941176 0.945098 0.949020 0.952941 0.956863 0.960784 0.964706 0.968627 0.972549 0.976471 0.980392 0.984314 0.988235 0.992157 0.996078 1.000000))
(time 0)
(channel red)
(curve
    (curve-type smooth)
    (n-points 17)
    (points 34 0.000000 0.007843 -1.000000 -1.000000 0.121569 0.141176 -1.000000 -1.000000 0.247059 0.286275 -1.000000 -1.000000 0.372549 0.423529 -1.000000 -1.000000 0.498039 0.552941 -1.000000 -1.000000 0.623529 0.674510 -1.000000 -1.000000 0.749020 0.792157 -1.000000 -1.000000 0.874510 0.898039 -1.000000 -1.000000 1.000000 1.000000)
    (n-samples 256)
    (samples 256 0.007843 0.012085 0.016327 0.020570 0.024814 0.029060 0.033307 0.037557 0.041809 0.046064 0.050323 0.054585 0.058851 0.063122 0.067398 0.071678 0.075965 0.080257 0.084555 0.088860 0.093173 0.097492 0.101819 0.106155 0.110499 0.114852 0.119214 0.123586 0.127967 0.132359 0.136762 0.141176 0.145606 0.150057 0.154527 0.159015 0.163520 0.168039 0.172573 0.177118 0.181674 0.186240 0.190814 0.195395 0.199981 0.204571 0.209163 0.213757 0.218350 0.222942 0.227530 0.232115 0.236693 0.241264 0.245827 0.250380 0.254921 0.259450 0.263964 0.268463 0.272945 0.277408 0.281852 0.286275 0.290683 0.295083 0.299476 0.303861 0.308238 0.312608 0.316970 0.321324 0.325671 0.330009 0.334341 0.338664 0.342980 0.347289 0.351589 0.355882 0.360168 0.364445 0.368715 0.372978 0.377233 0.381480 0.385719 0.389951 0.394175 0.398391 0.402600 0.406801 0.410995 0.415180 0.419359 0.423529 0.427692 0.431847 0.435995 0.440134 0.444267 0.448391 0.452508 0.456617 0.460719 0.464813 0.468899 0.472978 0.477048 0.481112 0.485167 0.489215 0.493256 0.497288 0.501313 0.505331 0.509340 0.513342 0.517337 0.521323 0.525302 0.529274 0.533237 0.537193 0.541142 0.545083 0.549016 0.552941 0.556857 0.560762 0.564656 0.568539 0.572413 0.576277 0.580131 0.583977 0.587814 0.591642 0.595463 0.599276 0.603082 0.606881 0.610674 0.614461 0.618242 0.622017 0.625788 0.629554 0.633315 0.637073 0.640827 0.644577 0.648325 0.652071 0.655814 0.659555 0.663295 0.667034 0.670772 0.674510 0.678250 0.681992 0.685737 0.689484 0.693232 0.696980 0.700727 0.704473 0.708218 0.711959 0.715698 0.719432 0.723161 0.726885 0.730603 0.734314 0.738017 0.741712 0.745398 0.749073 0.752739 0.756393 0.760035 0.763664 0.767280 0.770882 0.774469 0.778041 0.781596 0.785134 0.788655 0.792157 0.795640 0.799105 0.802552 0.805982 0.809396 0.812794 0.816177 0.819547 0.822902 0.826246 0.829577 0.832897 0.836206 0.839506 0.842796 0.846078 0.849353 0.852620 0.855882 0.859137 0.862388 0.865635 0.868879 0.872120 0.875359 0.878597 0.881834 0.885072 0.888310 0.891551 0.894793 0.898039 0.901284 0.904523 0.907757 0.910985 0.914209 0.917427 0.920641 0.923851 0.927056 0.930257 0.933454 0.936648 0.939837 0.943024 0.946207 0.949387 0.952564 0.955739 0.958911 0.962081 0.965248 0.968414 0.971577 0.974739 0.977900 0.981060 0.984218 0.987375 0.990532 0.993688 0.996844 1.000000))
(time 0)
(channel green)
(curve
    (curve-type smooth)
    (n-points 17)
    (points 34 0.000000 0.007843 -1.000000 -1.000000 0.121569 0.184314 -1.000000 -1.000000 0.247059 0.360784 -1.000000 -1.000000 0.372549 0.517647 -1.000000 -1.000000 0.498039 0.654902 -1.000000 -1.000000 0.623529 0.768627 -1.000000 -1.000000 0.749020 0.866667 -1.000000 -1.000000 0.874510 0.945098 -1.000000 -1.000000 1.000000 1.000000)
    (n-samples 256)
    (samples 256 0.007843 0.013581 0.019318 0.025055 0.030791 0.036526 0.042260 0.047991 0.053721 0.059449 0.065174 0.070896 0.076615 0.082331 0.088043 0.093751 0.099455 0.105155 0.110849 0.116539 0.122223 0.127901 0.133574 0.139240 0.144900 0.150553 0.156199 0.161838 0.167469 0.173092 0.178707 0.184314 0.189920 0.195533 0.201152 0.206775 0.212401 0.218029 0.223657 0.229285 0.234911 0.240533 0.246151 0.251762 0.257367 0.262963 0.268549 0.274125 0.279688 0.285237 0.290772 0.296290 0.301791 0.307273 0.312735 0.318176 0.323595 0.328989 0.334359 0.339702 0.345017 0.350303 0.355559 0.360784 0.365983 0.371162 0.376323 0.381464 0.386586 0.391689 0.396773 0.401838 0.406884 0.411910 0.416917 0.421905 0.426874 0.431824 0.436755 0.441666 0.446559 0.451432 0.456286 0.461121 0.465937 0.470734 0.475511 0.480269 0.485009 0.489729 0.494430 0.499111 0.503774 0.508418 0.513042 0.517647 0.522235 0.526807 0.531363 0.535903 0.540426 0.544932 0.549420 0.553891 0.558343 0.562777 0.567192 0.571588 0.575964 0.580320 0.584656 0.588971 0.593265 0.597537 0.601788 0.606016 0.610223 0.614406 0.618566 0.622702 0.626815 0.630903 0.634967 0.639005 0.643018 0.647006 0.650967 0.654902 0.658808 0.662685 0.666532 0.670351 0.674142 0.677906 0.681643 0.685355 0.689042 0.692705 0.696345 0.699962 0.703556 0.707130 0.710682 0.714215 0.717729 0.721225 0.724702 0.728163 0.731607 0.735036 0.738450 0.741850 0.745237 0.748610 0.751972 0.755323 0.758663 0.761993 0.765314 0.768627 0.771930 0.775221 0.778500 0.781767 0.785020 0.788260 0.791487 0.794699 0.797898 0.801081 0.804250 0.807403 0.810540 0.813661 0.816765 0.819853 0.822923 0.825976 0.829011 0.832027 0.835025 0.838004 0.840964 0.843903 0.846823 0.849722 0.852600 0.855458 0.858293 0.861107 0.863898 0.866667 0.869417 0.872151 0.874869 0.877570 0.880255 0.882922 0.885573 0.888205 0.890819 0.893415 0.895991 0.898549 0.901087 0.903604 0.906102 0.908579 0.911034 0.913469 0.915881 0.918271 0.920639 0.922984 0.925306 0.927604 0.929878 0.932128 0.934354 0.936554 0.938729 0.940878 0.943001 0.945098 0.947164 0.949197 0.951198 0.953167 0.955106 0.957016 0.958898 0.960754 0.962583 0.964387 0.966168 0.967927 0.969663 0.971379 0.973076 0.974755 0.976416 0.978061 0.979691 0.981307 0.982911 0.984502 0.986082 0.987653 0.989215 0.990770 0.992318 0.993861 0.995400 0.996935 0.998468 1.000000))
(time 0)
(channel blue)
(curve
    (curve-type smooth)
    (n-points 17)
    (points 34 0.000000 0.007843 -1.000000 -1.000000 0.121569 0.211765 -1.000000 -1.000000 0.247059 0.407843 -1.000000 -1.000000 0.372549 0.576471 -1.000000 -1.000000 0.498039 0.717647 -1.000000 -1.000000 0.623529 0.827451 -1.000000 -1.000000 0.749020 0.913725 -1.000000 -1.000000 0.874510 0.972549 -1.000000 -1.000000 1.000000 1.000000)
    (n-samples 256)
    (samples 256 0.007843 0.014535 0.021227 0.027918 0.034606 0.041291 0.047973 0.054650 0.061323 0.067989 0.074650 0.081303 0.087948 0.094585 0.101212 0.107830 0.114437 0.121032 0.127615 0.134185 0.140742 0.147284 0.153812 0.160323 0.166819 0.173297 0.179757 0.186199 0.192621 0.199023 0.205405 0.211765 0.218114 0.224460 0.230803 0.237142 0.243474 0.249800 0.256118 0.262426 0.268723 0.275009 0.281282 0.287540 0.293783 0.300009 0.306218 0.312407 0.318576 0.324723 0.330847 0.336948 0.343023 0.349072 0.355094 0.361086 0.367049 0.372980 0.378879 0.384744 0.390574 0.396368 0.402125 0.407843 0.413528 0.419186 0.424818 0.430423 0.436001 0.441552 0.447076 0.452573 0.458044 0.463488 0.468905 0.474295 0.479659 0.484995 0.490305 0.495588 0.500845 0.506074 0.511277 0.516452 0.521601 0.526724 0.531819 0.536888 0.541929 0.546944 0.551932 0.556894 0.561828 0.566736 0.571617 0.576471 0.581300 0.586106 0.590888 0.595646 0.600380 0.605089 0.609772 0.614430 0.619063 0.623669 0.628249 0.632801 0.637327 0.641824 0.646294 0.650736 0.655148 0.659532 0.663886 0.668210 0.672504 0.676768 0.681001 0.685202 0.689372 0.693510 0.697616 0.701689 0.705729 0.709735 0.713708 0.717647 0.721550 0.725414 0.729243 0.733035 0.736791 0.740513 0.744201 0.747855 0.751477 0.755068 0.758627 0.762155 0.765654 0.769124 0.772566 0.775980 0.779368 0.782729 0.786065 0.789377 0.792664 0.795928 0.799170 0.802390 0.805589 0.808767 0.811926 0.815066 0.818188 0.821292 0.824380 0.827451 0.830505 0.833540 0.836554 0.839549 0.842523 0.845476 0.848407 0.851317 0.854205 0.857071 0.859914 0.862733 0.865530 0.868302 0.871050 0.873774 0.876473 0.879147 0.881795 0.884417 0.887012 0.889582 0.892123 0.894638 0.897125 0.899584 0.902014 0.904415 0.906787 0.909130 0.911443 0.913725 0.915981 0.918213 0.920421 0.922606 0.924766 0.926901 0.929012 0.931096 0.933155 0.935188 0.937194 0.939173 0.941125 0.943049 0.944946 0.946813 0.948653 0.950463 0.952243 0.953994 0.955715 0.957405 0.959064 0.960692 0.962289 0.963853 0.965385 0.966885 0.968351 0.969784 0.971184 0.972549 0.973874 0.975155 0.976393 0.977589 0.978745 0.979862 0.980941 0.981985 0.982995 0.983971 0.984916 0.985830 0.986716 0.987575 0.988407 0.989216 0.990001 0.990765 0.991508 0.992233 0.992941 0.993633 0.994311 0.994976 0.995629 0.996272 0.996906 0.997534 0.998155 0.998773 0.999387 1.000000))
(time 0)
(channel alpha)
(curve
    (curve-type free)
    (n-points 17)
    (points 34 -1.000000 -1.000000 -1.000000 -1.000000 -1.000000 -1.000000 -1.000000 -1.000000 -1.000000 -1.000000 -1.000000 -1.000000 -1.000000 -1.000000 -1.000000 -1.000000 -1.000000 -1.000000 -1.000000 -1.000000 -1.000000 -1.000000 -1.000000 -1.000000 -1.000000 -1.000000 -1.000000 -1.000000 -1.000000 -1.000000 -1.000000 -1.000000 -1.000000 -1.000000)
    (n-samples 256)
    (samples 256 0.000000 0.003922 0.007843 0.011765 0.015686 0.019608 0.023529 0.027451 0.031373 0.035294 0.039216 0.043137 0.047059 0.050980 0.054902 0.058824 0.062745 0.066667 0.070588 0.074510 0.078431 0.082353 0.086275 0.090196 0.094118 0.098039 0.101961 0.105882 0.109804 0.113725 0.117647 0.121569 0.125490 0.129412 0.133333 0.137255 0.141176 0.145098 0.149020 0.152941 0.156863 0.160784 0.164706 0.168627 0.172549 0.176471 0.180392 0.184314 0.188235 0.192157 0.196078 0.200000 0.203922 0.207843 0.211765 0.215686 0.219608 0.223529 0.227451 0.231373 0.235294 0.239216 0.243137 0.247059 0.250980 0.254902 0.258824 0.262745 0.266667 0.270588 0.274510 0.278431 0.282353 0.286275 0.290196 0.294118 0.298039 0.301961 0.305882 0.309804 0.313725 0.317647 0.321569 0.325490 0.329412 0.333333 0.337255 0.341176 0.345098 0.349020 0.352941 0.356863 0.360784 0.364706 0.368627 0.372549 0.376471 0.380392 0.384314 0.388235 0.392157 0.396078 0.400000 0.403922 0.407843 0.411765 0.415686 0.419608 0.423529 0.427451 0.431373 0.435294 0.439216 0.443137 0.447059 0.450980 0.454902 0.458824 0.462745 0.466667 0.470588 0.474510 0.478431 0.482353 0.486275 0.490196 0.494118 0.498039 0.501961 0.505882 0.509804 0.513725 0.517647 0.521569 0.525490 0.529412 0.533333 0.537255 0.541176 0.545098 0.549020 0.552941 0.556863 0.560784 0.564706 0.568627 0.572549 0.576471 0.580392 0.584314 0.588235 0.592157 0.596078 0.600000 0.603922 0.607843 0.611765 0.615686 0.619608 0.623529 0.627451 0.631373 0.635294 0.639216 0.643137 0.647059 0.650980 0.654902 0.658824 0.662745 0.666667 0.670588 0.674510 0.678431 0.682353 0.686275 0.690196 0.694118 0.698039 0.701961 0.705882 0.709804 0.713725 0.717647 0.721569 0.725490 0.729412 0.733333 0.737255 0.741176 0.745098 0.749020 0.752941 0.756863 0.760784 0.764706 0.768627 0.772549 0.776471 0.780392 0.784314 0.788235 0.792157 0.796078 0.800000 0.803922 0.807843 0.811765 0.815686 0.819608 0.823529 0.827451 0.831373 0.835294 0.839216 0.843137 0.847059 0.850980 0.854902 0.858824 0.862745 0.866667 0.870588 0.874510 0.878431 0.882353 0.886275 0.890196 0.894118 0.898039 0.901961 0.905882 0.909804 0.913725 0.917647 0.921569 0.925490 0.929412 0.933333 0.937255 0.941176 0.945098 0.949020 0.952941 0.956863 0.960784 0.964706 0.968627 0.972549 0.976471 0.980392 0.984314 0.988235 0.992157 0.996078 1.000000))

# end of curves tool settings
