# GIMP curves tool settings

(time 0)
(time 0)
(channel value)
(curve
    (curve-type smooth)
    (n-points 17)
    (points 34 0.000000 0.000000 -1.000000 -1.000000 0.121569 0.121569 -1.000000 -1.000000 0.247059 0.247059 -1.000000 -1.000000 0.372549 0.372549 -1.000000 -1.000000 0.498039 0.498039 -1.000000 -1.000000 0.623529 0.623529 -1.000000 -1.000000 0.749020 0.749020 -1.000000 -1.000000 0.874510 0.874510 -1.000000 -1.000000 1.000000 1.000000)
    (n-samples 256)
    (samples 256 0.000000 0.003922 0.007843 0.011765 0.015686 0.019608 0.023530 0.027451 0.031373 0.035294 0.039216 0.043137 0.047059 0.050981 0.054902 0.058824 0.062745 0.066667 0.070589 0.074510 0.078432 0.082353 0.086275 0.090196 0.094118 0.098040 0.101961 0.105883 0.109804 0.113726 0.117647 0.121569 0.125491 0.129412 0.133334 0.137255 0.141177 0.145098 0.149020 0.152942 0.156863 0.160785 0.164706 0.168628 0.172549 0.176471 0.180392 0.184314 0.188236 0.192157 0.196079 0.200000 0.203922 0.207843 0.211765 0.215687 0.219608 0.223530 0.227451 0.231373 0.235294 0.239216 0.243137 0.247059 0.250981 0.254902 0.258824 0.262745 0.266667 0.270588 0.274510 0.278431 0.282353 0.286275 0.290196 0.294118 0.298039 0.301961 0.305882 0.309804 0.313726 0.317647 0.321569 0.325490 0.329412 0.333333 0.337255 0.341177 0.345098 0.349020 0.352941 0.356863 0.360784 0.364706 0.368627 0.372549 0.376471 0.380392 0.384314 0.388235 0.392157 0.396078 0.400000 0.403921 0.407843 0.411765 0.415686 0.419608 0.423529 0.427451 0.431372 0.435294 0.439216 0.443137 0.447059 0.450980 0.454902 0.458823 0.462745 0.466667 0.470588 0.474510 0.478431 0.482353 0.486274 0.490196 0.494117 0.498039 0.501961 0.505882 0.509804 0.513725 0.517647 0.521568 0.525490 0.529411 0.533333 0.537255 0.541176 0.545098 0.549019 0.552941 0.556862 0.560784 0.564705 0.568627 0.572549 0.576470 0.580392 0.584313 0.588235 0.592156 0.596078 0.600000 0.603921 0.607843 0.611764 0.615686 0.619607 0.623529 0.627451 0.631372 0.635294 0.639215 0.643137 0.647059 0.650980 0.654902 0.658823 0.662745 0.666666 0.670588 0.674510 0.678431 0.682353 0.686274 0.690196 0.694118 0.698039 0.701961 0.705883 0.709804 0.713726 0.717647 0.721569 0.725490 0.729412 0.733334 0.737255 0.741177 0.745098 0.749020 0.752942 0.756863 0.760785 0.764706 0.768628 0.772549 0.776471 0.780393 0.784314 0.788236 0.792157 0.796079 0.800000 0.803922 0.807844 0.811765 0.815687 0.819608 0.823530 0.827451 0.831373 0.835294 0.839216 0.843138 0.847059 0.850981 0.854902 0.858824 0.862745 0.866667 0.870588 0.874510 0.878432 0.882353 0.886275 0.890196 0.894118 0.898039 0.901961 0.905883 0.909804 0.913726 0.917647 0.921569 0.925490 0.929412 0.933333 0.937255 0.941177 0.945098 0.949020 0.952941 0.956863 0.960784 0.964706 0.968627 0.972549 0.976471 0.980392 0.984314 0.988235 0.992157 0.996078 1.000000))
(time 0)
(channel red)
(curve
    (curve-type smooth)
    (n-points 17)
    (points 34 0.000000 0.074510 -1.000000 -1.000000 0.121569 0.105882 -1.000000 -1.000000 0.247059 0.203391 -1.000000 -1.000000 0.372549 0.325314 -1.000000 -1.000000 0.498039 0.451172 -1.000000 -1.000000 0.623529 0.582024 -1.000000 -1.000000 0.749020 0.717003 -1.000000 -1.000000 0.874510 0.855324 -1.000000 -1.000000 1.000000 0.995987)
    (n-samples 256)
    (samples 256 0.074510 0.075006 0.075505 0.076010 0.076525 0.077053 0.077597 0.078160 0.078746 0.079358 0.079999 0.080672 0.081381 0.082128 0.082918 0.083752 0.084635 0.085570 0.086559 0.087607 0.088715 0.089889 0.091130 0.092442 0.093828 0.095292 0.096837 0.098465 0.100180 0.101986 0.103886 0.105882 0.107978 0.110171 0.112459 0.114837 0.117302 0.119850 0.122477 0.125181 0.127956 0.130801 0.133710 0.136681 0.139709 0.142792 0.145925 0.149105 0.152328 0.155591 0.158889 0.162220 0.165580 0.168965 0.172371 0.175795 0.179233 0.182682 0.186137 0.189596 0.193054 0.196509 0.199956 0.203391 0.206841 0.210333 0.213866 0.217436 0.221043 0.224684 0.228358 0.232063 0.235796 0.239557 0.243342 0.247151 0.250981 0.254831 0.258698 0.262581 0.266477 0.270386 0.274305 0.278232 0.282165 0.286103 0.290043 0.293984 0.297924 0.301861 0.305793 0.309718 0.313635 0.317541 0.321435 0.325314 0.329187 0.333063 0.336942 0.340824 0.344709 0.348598 0.352489 0.356385 0.360284 0.364186 0.368093 0.372003 0.375917 0.379836 0.383758 0.387685 0.391616 0.395552 0.399492 0.403437 0.407386 0.411340 0.415300 0.419264 0.423234 0.427208 0.431188 0.435174 0.439165 0.443162 0.447164 0.451172 0.455186 0.459206 0.463231 0.467261 0.471297 0.475339 0.479385 0.483437 0.487494 0.491556 0.495623 0.499694 0.503771 0.507852 0.511938 0.516028 0.520123 0.524222 0.528325 0.532433 0.536545 0.540660 0.544780 0.548904 0.553031 0.557163 0.561297 0.565436 0.569578 0.573723 0.577872 0.582024 0.586180 0.590341 0.594506 0.598676 0.602851 0.607029 0.611213 0.615400 0.619592 0.623788 0.627988 0.632192 0.636400 0.640612 0.644827 0.649047 0.653270 0.657496 0.661726 0.665960 0.670197 0.674437 0.678680 0.682927 0.687176 0.691429 0.695684 0.699942 0.704204 0.708467 0.712734 0.717003 0.721275 0.725552 0.729833 0.734117 0.738406 0.742698 0.746994 0.751293 0.755596 0.759903 0.764213 0.768526 0.772842 0.777161 0.781483 0.785808 0.790136 0.794467 0.798800 0.803135 0.807473 0.811814 0.816156 0.820501 0.824847 0.829196 0.833547 0.837899 0.842253 0.846608 0.850966 0.855324 0.859685 0.864049 0.868416 0.872787 0.877160 0.881537 0.885916 0.890298 0.894682 0.899069 0.903458 0.907850 0.912243 0.916639 0.921037 0.925436 0.929837 0.934240 0.938644 0.943050 0.947457 0.951865 0.956274 0.960684 0.965095 0.969507 0.973919 0.978332 0.982745 0.987159 0.991573 0.995987))
(time 0)
(channel green)
(curve
    (curve-type smooth)
    (n-points 17)
    (points 34 0.000000 0.070588 -1.000000 -1.000000 0.121569 0.102941 -1.000000 -1.000000 0.247059 0.205857 -1.000000 -1.000000 0.372549 0.330846 -1.000000 -1.000000 0.498039 0.457491 -1.000000 -1.000000 0.623529 0.591683 -1.000000 -1.000000 0.749020 0.724243 -1.000000 -1.000000 0.874510 0.859604 -1.000000 -1.000000 1.000000 0.996069)
    (n-samples 256)
    (samples 256 0.070588 0.071080 0.071576 0.072079 0.072592 0.073119 0.073663 0.074228 0.074817 0.075434 0.076081 0.076763 0.077483 0.078244 0.079050 0.079904 0.080810 0.081771 0.082791 0.083872 0.085019 0.086235 0.087523 0.088887 0.090331 0.091856 0.093468 0.095170 0.096965 0.098856 0.100847 0.102941 0.105143 0.107454 0.109868 0.112381 0.114989 0.117688 0.120474 0.123342 0.126288 0.129309 0.132398 0.135554 0.138770 0.142043 0.145369 0.148743 0.152162 0.155620 0.159115 0.162640 0.166193 0.169769 0.173363 0.176972 0.180592 0.184217 0.187844 0.191469 0.195086 0.198693 0.202285 0.205857 0.209438 0.213060 0.216718 0.220413 0.224142 0.227903 0.231694 0.235513 0.239360 0.243230 0.247124 0.251038 0.254972 0.258923 0.262889 0.266868 0.270860 0.274860 0.278869 0.282884 0.286903 0.290924 0.294945 0.298965 0.302982 0.306993 0.310997 0.314992 0.318977 0.322948 0.326905 0.330846 0.334776 0.338702 0.342625 0.346546 0.350464 0.354382 0.358298 0.362214 0.366130 0.370047 0.373965 0.377885 0.381807 0.385732 0.389661 0.393593 0.397530 0.401472 0.405420 0.409374 0.413334 0.417301 0.421277 0.425260 0.429253 0.433254 0.437266 0.441288 0.445321 0.449365 0.453422 0.457491 0.461575 0.465674 0.469787 0.473915 0.478056 0.482208 0.486372 0.490547 0.494731 0.498923 0.503124 0.507332 0.511546 0.515765 0.519990 0.524217 0.528448 0.532681 0.536915 0.541149 0.545383 0.549615 0.553846 0.558073 0.562296 0.566515 0.570729 0.574936 0.579135 0.583327 0.587510 0.591683 0.595848 0.600008 0.604162 0.608312 0.612457 0.616599 0.620737 0.624872 0.629004 0.633134 0.637263 0.641389 0.645515 0.649640 0.653765 0.657890 0.662015 0.666142 0.670270 0.674400 0.678531 0.682666 0.686803 0.690944 0.695089 0.699238 0.703392 0.707550 0.711714 0.715884 0.720060 0.724243 0.728431 0.732624 0.736821 0.741022 0.745226 0.749434 0.753646 0.757860 0.762078 0.766299 0.770523 0.774750 0.778979 0.783210 0.787444 0.791679 0.795917 0.800156 0.804397 0.808640 0.812883 0.817128 0.821374 0.825620 0.829868 0.834115 0.838364 0.842612 0.846860 0.851108 0.855356 0.859604 0.863852 0.868102 0.872353 0.876606 0.880860 0.885115 0.889372 0.893630 0.897889 0.902149 0.906411 0.910673 0.914937 0.919201 0.923467 0.927733 0.932000 0.936268 0.940536 0.944806 0.949075 0.953346 0.957617 0.961888 0.966160 0.970432 0.974704 0.978977 0.983250 0.987523 0.991796 0.996069))
(time 0)
(channel blue)
(curve
    (curve-type smooth)
    (n-points 17)
    (points 34 0.000000 0.062745 -1.000000 -1.000000 0.121569 0.110294 -1.000000 -1.000000 0.247059 0.223629 -1.000000 -1.000000 0.372549 0.355159 -1.000000 -1.000000 0.498039 0.490793 -1.000000 -1.000000 0.623529 0.626121 -1.000000 -1.000000 0.749020 0.753347 -1.000000 -1.000000 0.874510 0.877884 -1.000000 -1.000000 1.000000 0.996034)
    (n-samples 256)
    (samples 256 0.062745 0.063769 0.064797 0.065831 0.066875 0.067931 0.069003 0.070094 0.071208 0.072347 0.073515 0.074714 0.075949 0.077222 0.078536 0.079894 0.081301 0.082758 0.084270 0.085839 0.087468 0.089161 0.090921 0.092751 0.094654 0.096634 0.098693 0.100835 0.103063 0.105380 0.107789 0.110294 0.112900 0.115607 0.118412 0.121311 0.124298 0.127371 0.130525 0.133755 0.137059 0.140431 0.143867 0.147364 0.150917 0.154522 0.158175 0.161872 0.165609 0.169382 0.173186 0.177017 0.180872 0.184745 0.188634 0.192534 0.196440 0.200350 0.204257 0.208159 0.212052 0.215930 0.219791 0.223629 0.227471 0.231342 0.235243 0.239172 0.243126 0.247106 0.251110 0.255136 0.259183 0.263251 0.267337 0.271440 0.275559 0.279693 0.283841 0.288000 0.292171 0.296351 0.300540 0.304735 0.308936 0.313142 0.317351 0.321561 0.325773 0.329983 0.334192 0.338397 0.342598 0.346792 0.350980 0.355159 0.359338 0.363524 0.367718 0.371919 0.376127 0.380341 0.384561 0.388786 0.393017 0.397252 0.401491 0.405735 0.409981 0.414231 0.418484 0.422739 0.426995 0.431253 0.435513 0.439772 0.444032 0.448292 0.452552 0.456810 0.461067 0.465322 0.469575 0.473825 0.478073 0.482317 0.486557 0.490793 0.495030 0.499274 0.503524 0.507779 0.512038 0.516302 0.520568 0.524836 0.529107 0.533378 0.537649 0.541919 0.546189 0.550456 0.554721 0.558983 0.563240 0.567492 0.571739 0.575980 0.580214 0.584440 0.588657 0.592866 0.597065 0.601253 0.605430 0.609595 0.613747 0.617886 0.622011 0.626121 0.630217 0.634300 0.638371 0.642430 0.646478 0.650516 0.654543 0.658560 0.662568 0.666568 0.670559 0.674542 0.678518 0.682488 0.686451 0.690408 0.694361 0.698308 0.702251 0.706190 0.710126 0.714059 0.717990 0.721919 0.725847 0.729774 0.733701 0.737628 0.741555 0.745484 0.749414 0.753347 0.757281 0.761216 0.765151 0.769086 0.773021 0.776955 0.780888 0.784820 0.788750 0.792678 0.796603 0.800526 0.804446 0.808362 0.812274 0.816183 0.820087 0.823986 0.827880 0.831769 0.835651 0.839528 0.843398 0.847262 0.851118 0.854967 0.858808 0.862641 0.866465 0.870281 0.874087 0.877884 0.881671 0.885450 0.889219 0.892980 0.896733 0.900478 0.904215 0.907945 0.911668 0.915385 0.919095 0.922798 0.926496 0.930189 0.933876 0.937558 0.941235 0.944908 0.948577 0.952242 0.955904 0.959562 0.963218 0.966871 0.970521 0.974170 0.977816 0.981462 0.985106 0.988749 0.992392 0.996034))
(time 0)
(channel alpha)
(curve
    (curve-type free)
    (n-points 17)
    (points 34 -1.000000 -1.000000 -1.000000 -1.000000 -1.000000 -1.000000 -1.000000 -1.000000 -1.000000 -1.000000 -1.000000 -1.000000 -1.000000 -1.000000 -1.000000 -1.000000 -1.000000 -1.000000 -1.000000 -1.000000 -1.000000 -1.000000 -1.000000 -1.000000 -1.000000 -1.000000 -1.000000 -1.000000 -1.000000 -1.000000 -1.000000 -1.000000 -1.000000 -1.000000)
    (n-samples 256)
    (samples 256 0.000000 0.003922 0.007843 0.011765 0.015686 0.019608 0.023529 0.027451 0.031373 0.035294 0.039216 0.043137 0.047059 0.050980 0.054902 0.058824 0.062745 0.066667 0.070588 0.074510 0.078431 0.082353 0.086275 0.090196 0.094118 0.098039 0.101961 0.105882 0.109804 0.113725 0.117647 0.121569 0.125490 0.129412 0.133333 0.137255 0.141176 0.145098 0.149020 0.152941 0.156863 0.160784 0.164706 0.168627 0.172549 0.176471 0.180392 0.184314 0.188235 0.192157 0.196078 0.200000 0.203922 0.207843 0.211765 0.215686 0.219608 0.223529 0.227451 0.231373 0.235294 0.239216 0.243137 0.247059 0.250980 0.254902 0.258824 0.262745 0.266667 0.270588 0.274510 0.278431 0.282353 0.286275 0.290196 0.294118 0.298039 0.301961 0.305882 0.309804 0.313725 0.317647 0.321569 0.325490 0.329412 0.333333 0.337255 0.341176 0.345098 0.349020 0.352941 0.356863 0.360784 0.364706 0.368627 0.372549 0.376471 0.380392 0.384314 0.388235 0.392157 0.396078 0.400000 0.403922 0.407843 0.411765 0.415686 0.419608 0.423529 0.427451 0.431373 0.435294 0.439216 0.443137 0.447059 0.450980 0.454902 0.458824 0.462745 0.466667 0.470588 0.474510 0.478431 0.482353 0.486275 0.490196 0.494118 0.498039 0.501961 0.505882 0.509804 0.513725 0.517647 0.521569 0.525490 0.529412 0.533333 0.537255 0.541176 0.545098 0.549020 0.552941 0.556863 0.560784 0.564706 0.568627 0.572549 0.576471 0.580392 0.584314 0.588235 0.592157 0.596078 0.600000 0.603922 0.607843 0.611765 0.615686 0.619608 0.623529 0.627451 0.631373 0.635294 0.639216 0.643137 0.647059 0.650980 0.654902 0.658824 0.662745 0.666667 0.670588 0.674510 0.678431 0.682353 0.686275 0.690196 0.694118 0.698039 0.701961 0.705882 0.709804 0.713725 0.717647 0.721569 0.725490 0.729412 0.733333 0.737255 0.741176 0.745098 0.749020 0.752941 0.756863 0.760784 0.764706 0.768627 0.772549 0.776471 0.780392 0.784314 0.788235 0.792157 0.796078 0.800000 0.803922 0.807843 0.811765 0.815686 0.819608 0.823529 0.827451 0.831373 0.835294 0.839216 0.843137 0.847059 0.850980 0.854902 0.858824 0.862745 0.866667 0.870588 0.874510 0.878431 0.882353 0.886275 0.890196 0.894118 0.898039 0.901961 0.905882 0.909804 0.913725 0.917647 0.921569 0.925490 0.929412 0.933333 0.937255 0.941176 0.945098 0.949020 0.952941 0.956863 0.960784 0.964706 0.968627 0.972549 0.976471 0.980392 0.984314 0.988235 0.992157 0.996078 1.000000))

# end of curves tool settings
