# GIMP curves tool settings

(time 0)
(time 0)
(channel value)
(curve
    (curve-type smooth)
    (n-points 17)
    (points 34 0.000000 0.000000 -1.000000 -1.000000 0.121569 0.121569 -1.000000 -1.000000 0.247059 0.247059 -1.000000 -1.000000 0.372549 0.372549 -1.000000 -1.000000 0.498039 0.498039 -1.000000 -1.000000 0.623529 0.623529 -1.000000 -1.000000 0.749020 0.749020 -1.000000 -1.000000 0.874510 0.874510 -1.000000 -1.000000 1.000000 1.000000)
    (n-samples 256)
    (samples 256 0.000000 0.003922 0.007843 0.011765 0.015686 0.019608 0.023530 0.027451 0.031373 0.035294 0.039216 0.043137 0.047059 0.050981 0.054902 0.058824 0.062745 0.066667 0.070589 0.074510 0.078432 0.082353 0.086275 0.090196 0.094118 0.098040 0.101961 0.105883 0.109804 0.113726 0.117647 0.121569 0.125491 0.129412 0.133334 0.137255 0.141177 0.145098 0.149020 0.152942 0.156863 0.160785 0.164706 0.168628 0.172549 0.176471 0.180392 0.184314 0.188236 0.192157 0.196079 0.200000 0.203922 0.207843 0.211765 0.215687 0.219608 0.223530 0.227451 0.231373 0.235294 0.239216 0.243137 0.247059 0.250981 0.254902 0.258824 0.262745 0.266667 0.270588 0.274510 0.278431 0.282353 0.286275 0.290196 0.294118 0.298039 0.301961 0.305882 0.309804 0.313726 0.317647 0.321569 0.325490 0.329412 0.333333 0.337255 0.341177 0.345098 0.349020 0.352941 0.356863 0.360784 0.364706 0.368627 0.372549 0.376471 0.380392 0.384314 0.388235 0.392157 0.396078 0.400000 0.403921 0.407843 0.411765 0.415686 0.419608 0.423529 0.427451 0.431372 0.435294 0.439216 0.443137 0.447059 0.450980 0.454902 0.458823 0.462745 0.466667 0.470588 0.474510 0.478431 0.482353 0.486274 0.490196 0.494117 0.498039 0.501961 0.505882 0.509804 0.513725 0.517647 0.521568 0.525490 0.529411 0.533333 0.537255 0.541176 0.545098 0.549019 0.552941 0.556862 0.560784 0.564705 0.568627 0.572549 0.576470 0.580392 0.584313 0.588235 0.592156 0.596078 0.600000 0.603921 0.607843 0.611764 0.615686 0.619607 0.623529 0.627451 0.631372 0.635294 0.639215 0.643137 0.647059 0.650980 0.654902 0.658823 0.662745 0.666666 0.670588 0.674510 0.678431 0.682353 0.686274 0.690196 0.694118 0.698039 0.701961 0.705883 0.709804 0.713726 0.717647 0.721569 0.725490 0.729412 0.733334 0.737255 0.741177 0.745098 0.749020 0.752942 0.756863 0.760785 0.764706 0.768628 0.772549 0.776471 0.780393 0.784314 0.788236 0.792157 0.796079 0.800000 0.803922 0.807844 0.811765 0.815687 0.819608 0.823530 0.827451 0.831373 0.835294 0.839216 0.843138 0.847059 0.850981 0.854902 0.858824 0.862745 0.866667 0.870588 0.874510 0.878432 0.882353 0.886275 0.890196 0.894118 0.898039 0.901961 0.905883 0.909804 0.913726 0.917647 0.921569 0.925490 0.929412 0.933333 0.937255 0.941177 0.945098 0.949020 0.952941 0.956863 0.960784 0.964706 0.968627 0.972549 0.976471 0.980392 0.984314 0.988235 0.992157 0.996078 1.000000))
(time 0)
(channel red)
(curve
    (curve-type smooth)
    (n-points 17)
    (points 34 0.000000 0.030719 -1.000000 -1.000000 0.121569 0.094286 -1.000000 -1.000000 0.247059 0.215434 -1.000000 -1.000000 0.372549 0.446688 -1.000000 -1.000000 0.498039 0.744585 -1.000000 -1.000000 0.623529 0.854446 -1.000000 -1.000000 0.749020 0.909348 -1.000000 -1.000000 0.874510 0.948601 -1.000000 -1.000000 1.000000 0.975656)
    (n-samples 256)
    (samples 256 0.030719 0.032329 0.033942 0.035561 0.037188 0.038825 0.040477 0.042145 0.043832 0.045542 0.047276 0.049038 0.050829 0.052654 0.054515 0.056414 0.058355 0.060339 0.062371 0.064451 0.066584 0.068773 0.071018 0.073325 0.075695 0.078130 0.080635 0.083211 0.085862 0.088589 0.091396 0.094286 0.097218 0.100155 0.103101 0.106062 0.109042 0.112046 0.115081 0.118150 0.121259 0.124413 0.127616 0.130875 0.134194 0.137578 0.141033 0.144563 0.148173 0.151869 0.155655 0.159538 0.163520 0.167609 0.171809 0.176124 0.180561 0.185124 0.189818 0.194648 0.199620 0.204738 0.210008 0.215434 0.221015 0.226741 0.232610 0.238616 0.244757 0.251028 0.257425 0.263944 0.270581 0.277332 0.284194 0.291161 0.298231 0.305399 0.312662 0.320014 0.327453 0.334974 0.342574 0.350248 0.357992 0.365803 0.373676 0.381608 0.389594 0.397631 0.405714 0.413840 0.422004 0.430203 0.438432 0.446688 0.455109 0.463820 0.472799 0.482022 0.491465 0.501105 0.510919 0.520884 0.530975 0.541171 0.551448 0.561782 0.572149 0.582528 0.592894 0.603224 0.613494 0.623682 0.633764 0.643717 0.653517 0.663142 0.672567 0.681770 0.690727 0.699415 0.707810 0.715890 0.723631 0.731009 0.738001 0.744585 0.750801 0.756717 0.762342 0.767691 0.772775 0.777606 0.782197 0.786560 0.790706 0.794648 0.798399 0.801970 0.805374 0.808622 0.811728 0.814703 0.817559 0.820308 0.822964 0.825537 0.828040 0.830486 0.832886 0.835252 0.837598 0.839934 0.842274 0.844629 0.847011 0.849433 0.851908 0.854446 0.856975 0.859416 0.861771 0.864046 0.866242 0.868365 0.870417 0.872403 0.874325 0.876187 0.877993 0.879747 0.881452 0.883112 0.884730 0.886310 0.887855 0.889370 0.890857 0.892321 0.893765 0.895192 0.896606 0.898011 0.899410 0.900807 0.902206 0.903610 0.905022 0.906447 0.907888 0.909348 0.910810 0.912253 0.913679 0.915087 0.916477 0.917851 0.919207 0.920547 0.921872 0.923180 0.924473 0.925750 0.927013 0.928261 0.929495 0.930715 0.931921 0.933115 0.934295 0.935462 0.936617 0.937761 0.938892 0.940012 0.941121 0.942219 0.943307 0.944385 0.945453 0.946511 0.947561 0.948601 0.949628 0.950638 0.951631 0.952608 0.953570 0.954516 0.955448 0.956365 0.957270 0.958161 0.959041 0.959908 0.960764 0.961610 0.962446 0.963272 0.964089 0.964898 0.965699 0.966493 0.967280 0.968061 0.968837 0.969607 0.970373 0.971135 0.971894 0.972649 0.973403 0.974155 0.974906 0.975656))
(time 0)
(channel green)
(curve
    (curve-type smooth)
    (n-points 17)
    (points 34 0.000000 0.111275 -1.000000 -1.000000 0.121569 0.172338 -1.000000 -1.000000 0.247059 0.301636 -1.000000 -1.000000 0.372549 0.462942 -1.000000 -1.000000 0.498039 0.615155 -1.000000 -1.000000 0.623529 0.736568 -1.000000 -1.000000 0.749020 0.807584 -1.000000 -1.000000 0.874510 0.874171 -1.000000 -1.000000 1.000000 0.892938)
    (n-samples 256)
    (samples 256 0.111275 0.112719 0.114167 0.115621 0.117085 0.118563 0.120056 0.121570 0.123106 0.124669 0.126261 0.127886 0.129547 0.131248 0.132991 0.134780 0.136618 0.138509 0.140456 0.142462 0.144530 0.146664 0.148867 0.151142 0.153493 0.155922 0.158434 0.161031 0.163716 0.166494 0.169367 0.172338 0.175407 0.178569 0.181822 0.185161 0.188584 0.192088 0.195670 0.199327 0.203056 0.206853 0.210716 0.214642 0.218627 0.222669 0.226765 0.230911 0.235104 0.239342 0.243621 0.247939 0.252292 0.256677 0.261092 0.265532 0.269996 0.274480 0.278981 0.283496 0.288022 0.292556 0.297095 0.301636 0.306212 0.310855 0.315562 0.320330 0.325153 0.330030 0.334955 0.339925 0.344937 0.349985 0.355068 0.360181 0.365320 0.370481 0.375662 0.380857 0.386063 0.391277 0.396494 0.401712 0.406925 0.412131 0.417325 0.422505 0.427665 0.432803 0.437914 0.442995 0.448042 0.453052 0.458019 0.462942 0.467847 0.472761 0.477685 0.482614 0.487548 0.492485 0.497421 0.502356 0.507288 0.512214 0.517132 0.522041 0.526939 0.531823 0.536691 0.541542 0.546373 0.551183 0.555970 0.560731 0.565464 0.570168 0.574841 0.579480 0.584084 0.588651 0.593178 0.597664 0.602107 0.606504 0.610854 0.615155 0.619425 0.623682 0.627924 0.632150 0.636358 0.640546 0.644712 0.648855 0.652973 0.657063 0.661125 0.665155 0.669154 0.673118 0.677046 0.680936 0.684787 0.688596 0.692362 0.696083 0.699757 0.703382 0.706957 0.710480 0.713949 0.717362 0.720717 0.724013 0.727248 0.730420 0.733527 0.736568 0.739528 0.742399 0.745184 0.747887 0.750513 0.753066 0.755550 0.757969 0.760328 0.762631 0.764882 0.767085 0.769244 0.771364 0.773449 0.775503 0.777530 0.779534 0.781520 0.783492 0.785454 0.787410 0.789365 0.791323 0.793287 0.795262 0.797253 0.799263 0.801297 0.803359 0.805454 0.807584 0.809752 0.811955 0.814187 0.816446 0.818727 0.821026 0.823339 0.825663 0.827993 0.830325 0.832655 0.834980 0.837295 0.839597 0.841881 0.844143 0.846380 0.848587 0.850761 0.852898 0.854993 0.857043 0.859043 0.860990 0.862880 0.864709 0.866472 0.868166 0.869787 0.871331 0.872793 0.874171 0.875470 0.876701 0.877867 0.878969 0.880009 0.880991 0.881916 0.882785 0.883603 0.884370 0.885089 0.885762 0.886391 0.886979 0.887527 0.888038 0.888514 0.888957 0.889369 0.889753 0.890111 0.890444 0.890756 0.891048 0.891323 0.891582 0.891828 0.892063 0.892290 0.892509 0.892725 0.892938))
(time 0)
(channel blue)
(curve
    (curve-type smooth)
    (n-points 17)
    (points 34 0.000000 0.333451 -1.000000 -1.000000 0.121569 0.423250 -1.000000 -1.000000 0.247059 0.517089 -1.000000 -1.000000 0.372549 0.591683 -1.000000 -1.000000 0.498039 0.631057 -1.000000 -1.000000 0.623529 0.658333 -1.000000 -1.000000 0.749020 0.678149 -1.000000 -1.000000 0.874510 0.678550 -1.000000 -1.000000 1.000000 0.677872)
    (n-samples 256)
    (samples 256 0.333451 0.336339 0.339226 0.342114 0.345002 0.347891 0.350779 0.353668 0.356557 0.359447 0.362337 0.365228 0.368119 0.371011 0.373904 0.376798 0.379692 0.382588 0.385484 0.388381 0.391280 0.394179 0.397080 0.399982 0.402886 0.405790 0.408696 0.411604 0.414513 0.417424 0.420336 0.423250 0.426175 0.429119 0.432081 0.435058 0.438048 0.441050 0.444062 0.447082 0.450108 0.453138 0.456170 0.459203 0.462234 0.465263 0.468286 0.471302 0.474309 0.477306 0.480290 0.483259 0.486213 0.489148 0.492063 0.494956 0.497825 0.500669 0.503485 0.506272 0.509028 0.511751 0.514438 0.517089 0.519719 0.522344 0.524963 0.527575 0.530177 0.532769 0.535350 0.537916 0.540468 0.543003 0.545521 0.548019 0.550497 0.552952 0.555384 0.557790 0.560170 0.562522 0.564844 0.567136 0.569394 0.571620 0.573809 0.575962 0.578076 0.580151 0.582185 0.584176 0.586122 0.588023 0.589877 0.591683 0.593436 0.595133 0.596778 0.598373 0.599919 0.601418 0.602873 0.604286 0.605659 0.606995 0.608294 0.609559 0.610794 0.611998 0.613175 0.614327 0.615456 0.616564 0.617653 0.618726 0.619783 0.620828 0.621863 0.622890 0.623910 0.624926 0.625940 0.626955 0.627972 0.628993 0.630021 0.631057 0.632090 0.633108 0.634110 0.635096 0.636069 0.637027 0.637971 0.638901 0.639819 0.640725 0.641618 0.642499 0.643370 0.644229 0.645078 0.645917 0.646747 0.647567 0.648379 0.649183 0.649978 0.650766 0.651547 0.652322 0.653091 0.653853 0.654611 0.655363 0.656111 0.656855 0.657596 0.658333 0.659071 0.659812 0.660555 0.661300 0.662044 0.662787 0.663529 0.664267 0.665000 0.665728 0.666450 0.667164 0.667869 0.668564 0.669248 0.669921 0.670580 0.671225 0.671855 0.672468 0.673064 0.673641 0.674198 0.674735 0.675250 0.675742 0.676209 0.676652 0.677068 0.677457 0.677818 0.678149 0.678447 0.678709 0.678938 0.679136 0.679303 0.679441 0.679553 0.679640 0.679703 0.679744 0.679766 0.679769 0.679755 0.679726 0.679684 0.679630 0.679567 0.679494 0.679416 0.679332 0.679245 0.679156 0.679068 0.678981 0.678897 0.678819 0.678747 0.678684 0.678631 0.678590 0.678562 0.678550 0.678545 0.678538 0.678530 0.678521 0.678510 0.678497 0.678484 0.678469 0.678453 0.678436 0.678418 0.678398 0.678378 0.678357 0.678335 0.678312 0.678288 0.678264 0.678239 0.678213 0.678187 0.678160 0.678133 0.678105 0.678076 0.678048 0.678019 0.677990 0.677961 0.677931 0.677902 0.677872))
(time 0)
(channel alpha)
(curve
    (curve-type free)
    (n-points 17)
    (points 34 -1.000000 -1.000000 -1.000000 -1.000000 -1.000000 -1.000000 -1.000000 -1.000000 -1.000000 -1.000000 -1.000000 -1.000000 -1.000000 -1.000000 -1.000000 -1.000000 -1.000000 -1.000000 -1.000000 -1.000000 -1.000000 -1.000000 -1.000000 -1.000000 -1.000000 -1.000000 -1.000000 -1.000000 -1.000000 -1.000000 -1.000000 -1.000000 -1.000000 -1.000000)
    (n-samples 256)
    (samples 256 0.000000 0.003922 0.007843 0.011765 0.015686 0.019608 0.023529 0.027451 0.031373 0.035294 0.039216 0.043137 0.047059 0.050980 0.054902 0.058824 0.062745 0.066667 0.070588 0.074510 0.078431 0.082353 0.086275 0.090196 0.094118 0.098039 0.101961 0.105882 0.109804 0.113725 0.117647 0.121569 0.125490 0.129412 0.133333 0.137255 0.141176 0.145098 0.149020 0.152941 0.156863 0.160784 0.164706 0.168627 0.172549 0.176471 0.180392 0.184314 0.188235 0.192157 0.196078 0.200000 0.203922 0.207843 0.211765 0.215686 0.219608 0.223529 0.227451 0.231373 0.235294 0.239216 0.243137 0.247059 0.250980 0.254902 0.258824 0.262745 0.266667 0.270588 0.274510 0.278431 0.282353 0.286275 0.290196 0.294118 0.298039 0.301961 0.305882 0.309804 0.313725 0.317647 0.321569 0.325490 0.329412 0.333333 0.337255 0.341176 0.345098 0.349020 0.352941 0.356863 0.360784 0.364706 0.368627 0.372549 0.376471 0.380392 0.384314 0.388235 0.392157 0.396078 0.400000 0.403922 0.407843 0.411765 0.415686 0.419608 0.423529 0.427451 0.431373 0.435294 0.439216 0.443137 0.447059 0.450980 0.454902 0.458824 0.462745 0.466667 0.470588 0.474510 0.478431 0.482353 0.486275 0.490196 0.494118 0.498039 0.501961 0.505882 0.509804 0.513725 0.517647 0.521569 0.525490 0.529412 0.533333 0.537255 0.541176 0.545098 0.549020 0.552941 0.556863 0.560784 0.564706 0.568627 0.572549 0.576471 0.580392 0.584314 0.588235 0.592157 0.596078 0.600000 0.603922 0.607843 0.611765 0.615686 0.619608 0.623529 0.627451 0.631373 0.635294 0.639216 0.643137 0.647059 0.650980 0.654902 0.658824 0.662745 0.666667 0.670588 0.674510 0.678431 0.682353 0.686275 0.690196 0.694118 0.698039 0.701961 0.705882 0.709804 0.713725 0.717647 0.721569 0.725490 0.729412 0.733333 0.737255 0.741176 0.745098 0.749020 0.752941 0.756863 0.760784 0.764706 0.768627 0.772549 0.776471 0.780392 0.784314 0.788235 0.792157 0.796078 0.800000 0.803922 0.807843 0.811765 0.815686 0.819608 0.823529 0.827451 0.831373 0.835294 0.839216 0.843137 0.847059 0.850980 0.854902 0.858824 0.862745 0.866667 0.870588 0.874510 0.878431 0.882353 0.886275 0.890196 0.894118 0.898039 0.901961 0.905882 0.909804 0.913725 0.917647 0.921569 0.925490 0.929412 0.933333 0.937255 0.941176 0.945098 0.949020 0.952941 0.956863 0.960784 0.964706 0.968627 0.972549 0.976471 0.980392 0.984314 0.988235 0.992157 0.996078 1.000000))

# end of curves tool settings
