# GIMP curves tool settings

(time 0)
(time 0)
(channel value)
(curve
    (curve-type smooth)
    (n-points 17)
    (points 34 0.000000 0.000000 -1.000000 -1.000000 0.121569 0.121569 -1.000000 -1.000000 0.247059 0.247059 -1.000000 -1.000000 0.372549 0.372549 -1.000000 -1.000000 0.498039 0.498039 -1.000000 -1.000000 0.623529 0.623529 -1.000000 -1.000000 0.749020 0.749020 -1.000000 -1.000000 0.874510 0.874510 -1.000000 -1.000000 1.000000 1.000000)
    (n-samples 256)
    (samples 256 0.000000 0.003922 0.007843 0.011765 0.015686 0.019608 0.023530 0.027451 0.031373 0.035294 0.039216 0.043137 0.047059 0.050981 0.054902 0.058824 0.062745 0.066667 0.070589 0.074510 0.078432 0.082353 0.086275 0.090196 0.094118 0.098040 0.101961 0.105883 0.109804 0.113726 0.117647 0.121569 0.125491 0.129412 0.133334 0.137255 0.141177 0.145098 0.149020 0.152942 0.156863 0.160785 0.164706 0.168628 0.172549 0.176471 0.180392 0.184314 0.188236 0.192157 0.196079 0.200000 0.203922 0.207843 0.211765 0.215687 0.219608 0.223530 0.227451 0.231373 0.235294 0.239216 0.243137 0.247059 0.250981 0.254902 0.258824 0.262745 0.266667 0.270588 0.274510 0.278431 0.282353 0.286275 0.290196 0.294118 0.298039 0.301961 0.305882 0.309804 0.313726 0.317647 0.321569 0.325490 0.329412 0.333333 0.337255 0.341177 0.345098 0.349020 0.352941 0.356863 0.360784 0.364706 0.368627 0.372549 0.376471 0.380392 0.384314 0.388235 0.392157 0.396078 0.400000 0.403921 0.407843 0.411765 0.415686 0.419608 0.423529 0.427451 0.431372 0.435294 0.439216 0.443137 0.447059 0.450980 0.454902 0.458823 0.462745 0.466667 0.470588 0.474510 0.478431 0.482353 0.486274 0.490196 0.494117 0.498039 0.501961 0.505882 0.509804 0.513725 0.517647 0.521568 0.525490 0.529411 0.533333 0.537255 0.541176 0.545098 0.549019 0.552941 0.556862 0.560784 0.564705 0.568627 0.572549 0.576470 0.580392 0.584313 0.588235 0.592156 0.596078 0.600000 0.603921 0.607843 0.611764 0.615686 0.619607 0.623529 0.627451 0.631372 0.635294 0.639215 0.643137 0.647059 0.650980 0.654902 0.658823 0.662745 0.666666 0.670588 0.674510 0.678431 0.682353 0.686274 0.690196 0.694118 0.698039 0.701961 0.705883 0.709804 0.713726 0.717647 0.721569 0.725490 0.729412 0.733334 0.737255 0.741177 0.745098 0.749020 0.752942 0.756863 0.760785 0.764706 0.768628 0.772549 0.776471 0.780393 0.784314 0.788236 0.792157 0.796079 0.800000 0.803922 0.807844 0.811765 0.815687 0.819608 0.823530 0.827451 0.831373 0.835294 0.839216 0.843138 0.847059 0.850981 0.854902 0.858824 0.862745 0.866667 0.870588 0.874510 0.878432 0.882353 0.886275 0.890196 0.894118 0.898039 0.901961 0.905883 0.909804 0.913726 0.917647 0.921569 0.925490 0.929412 0.933333 0.937255 0.941177 0.945098 0.949020 0.952941 0.956863 0.960784 0.964706 0.968627 0.972549 0.976471 0.980392 0.984314 0.988235 0.992157 0.996078 1.000000))
(time 0)
(channel red)
(curve
    (curve-type smooth)
    (n-points 17)
    (points 34 0.000000 0.003922 -1.000000 -1.000000 0.121569 0.196078 -1.000000 -1.000000 0.247059 0.356863 -1.000000 -1.000000 0.372549 0.509804 -1.000000 -1.000000 0.498039 0.647059 -1.000000 -1.000000 0.623529 0.760784 -1.000000 -1.000000 0.749020 0.858824 -1.000000 -1.000000 0.874510 0.937255 -1.000000 -1.000000 1.000000 1.000000)
    (n-samples 256)
    (samples 256 0.003922 0.010418 0.016913 0.023404 0.029889 0.036367 0.042835 0.049293 0.055737 0.062167 0.068579 0.074973 0.081347 0.087698 0.094025 0.100326 0.106599 0.112842 0.119054 0.125232 0.131375 0.137480 0.143547 0.149572 0.155555 0.161493 0.167384 0.173227 0.179020 0.184761 0.190447 0.196078 0.201648 0.207157 0.212606 0.217999 0.223338 0.228625 0.233865 0.239058 0.244208 0.249317 0.254389 0.259425 0.264429 0.269403 0.274349 0.279272 0.284172 0.289053 0.293917 0.298768 0.303607 0.308438 0.313263 0.318085 0.322906 0.327729 0.332557 0.337393 0.342239 0.347097 0.351971 0.356863 0.361765 0.366666 0.371566 0.376463 0.381358 0.386249 0.391136 0.396017 0.400893 0.405763 0.410625 0.415480 0.420326 0.425162 0.429988 0.434804 0.439608 0.444400 0.449179 0.453945 0.458696 0.463432 0.468152 0.472856 0.477542 0.482210 0.486860 0.491491 0.496101 0.500690 0.505258 0.509804 0.514334 0.518856 0.523369 0.527872 0.532365 0.536846 0.541316 0.545772 0.550215 0.554645 0.559059 0.563458 0.567840 0.572205 0.576553 0.580882 0.585193 0.589483 0.593753 0.598001 0.602227 0.606431 0.610611 0.614767 0.618898 0.623004 0.627083 0.631135 0.635160 0.639156 0.643122 0.647059 0.650965 0.654842 0.658689 0.662508 0.666299 0.670063 0.673800 0.677512 0.681199 0.684862 0.688502 0.692119 0.695713 0.699287 0.702839 0.706372 0.709886 0.713382 0.716859 0.720320 0.723764 0.727193 0.730607 0.734007 0.737394 0.740767 0.744129 0.747480 0.750820 0.754150 0.757471 0.760784 0.764087 0.767378 0.770657 0.773924 0.777177 0.780417 0.783644 0.786856 0.790055 0.793238 0.796407 0.799560 0.802697 0.805818 0.808922 0.812010 0.815080 0.818133 0.821168 0.824184 0.827182 0.830161 0.833121 0.836060 0.838980 0.841879 0.844757 0.847615 0.850450 0.853264 0.856055 0.858824 0.861570 0.864293 0.866994 0.869673 0.872331 0.874967 0.877583 0.880178 0.882753 0.885308 0.887844 0.890361 0.892859 0.895339 0.897801 0.900245 0.902673 0.905083 0.907476 0.909854 0.912216 0.914562 0.916893 0.919210 0.921512 0.923800 0.926075 0.928336 0.930584 0.932820 0.935043 0.937255 0.939450 0.941622 0.943772 0.945902 0.948012 0.950103 0.952174 0.954228 0.956265 0.958285 0.960289 0.962278 0.964253 0.966214 0.968162 0.970098 0.972023 0.973936 0.975840 0.977734 0.979620 0.981498 0.983369 0.985233 0.987091 0.988945 0.990794 0.992639 0.994482 0.996323 0.998162 1.000000))
(time 0)
(channel green)
(curve
    (curve-type smooth)
    (n-points 17)
    (points 34 0.000000 0.003922 -1.000000 -1.000000 0.121569 0.180392 -1.000000 -1.000000 0.247059 0.329412 -1.000000 -1.000000 0.372549 0.478431 -1.000000 -1.000000 0.498039 0.611765 -1.000000 -1.000000 0.623529 0.729412 -1.000000 -1.000000 0.749020 0.831373 -1.000000 -1.000000 0.874510 0.921569 -1.000000 -1.000000 1.000000 1.000000)
    (n-samples 256)
    (samples 256 0.003922 0.009877 0.015831 0.021781 0.027727 0.033666 0.039597 0.045517 0.051427 0.057323 0.063204 0.069069 0.074916 0.080744 0.086550 0.092332 0.098091 0.103823 0.109527 0.115201 0.120845 0.126455 0.132031 0.137571 0.143073 0.148536 0.153957 0.159336 0.164671 0.169959 0.175200 0.180392 0.185527 0.190602 0.195618 0.200580 0.205490 0.210352 0.215168 0.219940 0.224673 0.229370 0.234032 0.238663 0.243267 0.247846 0.252403 0.256941 0.261463 0.265972 0.270471 0.274963 0.279451 0.283938 0.288427 0.292922 0.297424 0.301937 0.306464 0.311008 0.315571 0.320158 0.324771 0.329412 0.334076 0.338754 0.343445 0.348147 0.352858 0.357577 0.362303 0.367034 0.371770 0.376507 0.381246 0.385983 0.390720 0.395452 0.400180 0.404902 0.409616 0.414321 0.419015 0.423698 0.428367 0.433021 0.437659 0.442279 0.446880 0.451461 0.456019 0.460554 0.465064 0.469548 0.474004 0.478431 0.482835 0.487224 0.491597 0.495956 0.500298 0.504626 0.508938 0.513235 0.517517 0.521783 0.526034 0.530269 0.534490 0.538695 0.542884 0.547059 0.551218 0.555362 0.559490 0.563603 0.567701 0.571783 0.575850 0.579902 0.583939 0.587960 0.591966 0.595956 0.599931 0.603891 0.607836 0.611765 0.615679 0.619578 0.623461 0.627329 0.631181 0.635019 0.638841 0.642647 0.646439 0.650215 0.653976 0.657721 0.661451 0.665166 0.668865 0.672549 0.676218 0.679872 0.683510 0.687133 0.690740 0.694332 0.697909 0.701471 0.705017 0.708548 0.712064 0.715564 0.719049 0.722519 0.725973 0.729412 0.732834 0.736237 0.739622 0.742988 0.746337 0.749669 0.752983 0.756281 0.759563 0.762828 0.766078 0.769313 0.772533 0.775739 0.778930 0.782108 0.785273 0.788424 0.791562 0.794689 0.797803 0.800906 0.803997 0.807078 0.810148 0.813207 0.816258 0.819298 0.822330 0.825352 0.828367 0.831373 0.834370 0.837355 0.840329 0.843291 0.846242 0.849181 0.852109 0.855025 0.857930 0.860823 0.863705 0.866575 0.869434 0.872281 0.875117 0.877942 0.880755 0.883556 0.886346 0.889124 0.891891 0.894647 0.897391 0.900123 0.902844 0.905553 0.908251 0.910938 0.913613 0.916276 0.918928 0.921569 0.924195 0.926805 0.929398 0.931976 0.934539 0.937087 0.939621 0.942142 0.944650 0.947145 0.949629 0.952101 0.954562 0.957014 0.959455 0.961887 0.964311 0.966727 0.969135 0.971536 0.973931 0.976320 0.978703 0.981082 0.983456 0.985826 0.988194 0.990558 0.992920 0.995281 0.997641 1.000000))
(time 0)
(channel blue)
(curve
    (curve-type smooth)
    (n-points 17)
    (points 34 0.000000 0.003922 -1.000000 -1.000000 0.121569 0.168627 -1.000000 -1.000000 0.247059 0.317647 -1.000000 -1.000000 0.372549 0.458824 -1.000000 -1.000000 0.498039 0.592157 -1.000000 -1.000000 0.623529 0.709804 -1.000000 -1.000000 0.749020 0.819608 -1.000000 -1.000000 0.874510 0.913725 -1.000000 -1.000000 1.000000 1.000000)
    (n-samples 256)
    (samples 256 0.003922 0.009402 0.014880 0.020356 0.025830 0.031299 0.036763 0.042221 0.047671 0.053113 0.058546 0.063968 0.069379 0.074777 0.080162 0.085532 0.090887 0.096225 0.101546 0.106847 0.112129 0.117390 0.122629 0.127846 0.133038 0.138205 0.143347 0.148461 0.153547 0.158604 0.163631 0.168627 0.173591 0.178523 0.183424 0.188297 0.193141 0.197959 0.202751 0.207519 0.212263 0.216985 0.221686 0.226368 0.231030 0.235676 0.240305 0.244919 0.249519 0.254106 0.258682 0.263247 0.267803 0.272351 0.276892 0.281428 0.285959 0.290486 0.295012 0.299536 0.304061 0.308587 0.313115 0.317647 0.322177 0.326700 0.331216 0.335723 0.340223 0.344715 0.349200 0.353677 0.358146 0.362607 0.367061 0.371508 0.375946 0.380377 0.384800 0.389216 0.393624 0.398024 0.402417 0.406802 0.411179 0.415549 0.419911 0.424265 0.428612 0.432951 0.437282 0.441606 0.445922 0.450230 0.454531 0.458824 0.463113 0.467401 0.471688 0.475973 0.480255 0.484533 0.488807 0.493076 0.497340 0.501596 0.505846 0.510088 0.514321 0.518545 0.522758 0.526961 0.531153 0.535332 0.539498 0.543651 0.547789 0.551912 0.556020 0.560111 0.564184 0.568240 0.572277 0.576295 0.580292 0.584269 0.588224 0.592157 0.596067 0.599955 0.603822 0.607667 0.611493 0.615299 0.619086 0.622855 0.626608 0.630343 0.634063 0.637768 0.641459 0.645135 0.648799 0.652451 0.656091 0.659721 0.663340 0.666950 0.670552 0.674145 0.677731 0.681311 0.684885 0.688455 0.692019 0.695581 0.699139 0.702695 0.706250 0.709804 0.713358 0.716911 0.720463 0.724012 0.727559 0.731102 0.734640 0.738174 0.741702 0.745224 0.748738 0.752244 0.755742 0.759231 0.762709 0.766177 0.769633 0.773077 0.776508 0.779925 0.783328 0.786716 0.790088 0.793444 0.796782 0.800103 0.803404 0.806687 0.809949 0.813190 0.816410 0.819608 0.822783 0.825936 0.829067 0.832177 0.835267 0.838338 0.841390 0.844424 0.847441 0.850441 0.853426 0.856395 0.859351 0.862292 0.865221 0.868137 0.871042 0.873936 0.876820 0.879695 0.882561 0.885419 0.888270 0.891115 0.893954 0.896787 0.899617 0.902443 0.905266 0.908087 0.910906 0.913725 0.916538 0.919340 0.922131 0.924911 0.927682 0.930443 0.933194 0.935937 0.938671 0.941397 0.944115 0.946825 0.949528 0.952224 0.954914 0.957598 0.960276 0.962948 0.965616 0.968279 0.970937 0.973592 0.976243 0.978891 0.981536 0.984178 0.986818 0.989457 0.992094 0.994730 0.997365 1.000000))
(time 0)
(channel alpha)
(curve
    (curve-type free)
    (n-points 17)
    (points 34 -1.000000 -1.000000 -1.000000 -1.000000 -1.000000 -1.000000 -1.000000 -1.000000 -1.000000 -1.000000 -1.000000 -1.000000 -1.000000 -1.000000 -1.000000 -1.000000 -1.000000 -1.000000 -1.000000 -1.000000 -1.000000 -1.000000 -1.000000 -1.000000 -1.000000 -1.000000 -1.000000 -1.000000 -1.000000 -1.000000 -1.000000 -1.000000 -1.000000 -1.000000)
    (n-samples 256)
    (samples 256 0.000000 0.003922 0.007843 0.011765 0.015686 0.019608 0.023529 0.027451 0.031373 0.035294 0.039216 0.043137 0.047059 0.050980 0.054902 0.058824 0.062745 0.066667 0.070588 0.074510 0.078431 0.082353 0.086275 0.090196 0.094118 0.098039 0.101961 0.105882 0.109804 0.113725 0.117647 0.121569 0.125490 0.129412 0.133333 0.137255 0.141176 0.145098 0.149020 0.152941 0.156863 0.160784 0.164706 0.168627 0.172549 0.176471 0.180392 0.184314 0.188235 0.192157 0.196078 0.200000 0.203922 0.207843 0.211765 0.215686 0.219608 0.223529 0.227451 0.231373 0.235294 0.239216 0.243137 0.247059 0.250980 0.254902 0.258824 0.262745 0.266667 0.270588 0.274510 0.278431 0.282353 0.286275 0.290196 0.294118 0.298039 0.301961 0.305882 0.309804 0.313725 0.317647 0.321569 0.325490 0.329412 0.333333 0.337255 0.341176 0.345098 0.349020 0.352941 0.356863 0.360784 0.364706 0.368627 0.372549 0.376471 0.380392 0.384314 0.388235 0.392157 0.396078 0.400000 0.403922 0.407843 0.411765 0.415686 0.419608 0.423529 0.427451 0.431373 0.435294 0.439216 0.443137 0.447059 0.450980 0.454902 0.458824 0.462745 0.466667 0.470588 0.474510 0.478431 0.482353 0.486275 0.490196 0.494118 0.498039 0.501961 0.505882 0.509804 0.513725 0.517647 0.521569 0.525490 0.529412 0.533333 0.537255 0.541176 0.545098 0.549020 0.552941 0.556863 0.560784 0.564706 0.568627 0.572549 0.576471 0.580392 0.584314 0.588235 0.592157 0.596078 0.600000 0.603922 0.607843 0.611765 0.615686 0.619608 0.623529 0.627451 0.631373 0.635294 0.639216 0.643137 0.647059 0.650980 0.654902 0.658824 0.662745 0.666667 0.670588 0.674510 0.678431 0.682353 0.686275 0.690196 0.694118 0.698039 0.701961 0.705882 0.709804 0.713725 0.717647 0.721569 0.725490 0.729412 0.733333 0.737255 0.741176 0.745098 0.749020 0.752941 0.756863 0.760784 0.764706 0.768627 0.772549 0.776471 0.780392 0.784314 0.788235 0.792157 0.796078 0.800000 0.803922 0.807843 0.811765 0.815686 0.819608 0.823529 0.827451 0.831373 0.835294 0.839216 0.843137 0.847059 0.850980 0.854902 0.858824 0.862745 0.866667 0.870588 0.874510 0.878431 0.882353 0.886275 0.890196 0.894118 0.898039 0.901961 0.905882 0.909804 0.913725 0.917647 0.921569 0.925490 0.929412 0.933333 0.937255 0.941176 0.945098 0.949020 0.952941 0.956863 0.960784 0.964706 0.968627 0.972549 0.976471 0.980392 0.984314 0.988235 0.992157 0.996078 1.000000))

# end of curves tool settings
