# GIMP curves tool settings

(time 0)
(time 0)
(channel value)
(curve
    (curve-type smooth)
    (n-points 17)
    (points 34 0.000000 0.000000 -1.000000 -1.000000 0.121569 0.121569 -1.000000 -1.000000 0.247059 0.247059 -1.000000 -1.000000 0.372549 0.372549 -1.000000 -1.000000 0.498039 0.498039 -1.000000 -1.000000 0.623529 0.623529 -1.000000 -1.000000 0.749020 0.749020 -1.000000 -1.000000 0.874510 0.874510 -1.000000 -1.000000 1.000000 1.000000)
    (n-samples 256)
    (samples 256 0.000000 0.003922 0.007843 0.011765 0.015686 0.019608 0.023530 0.027451 0.031373 0.035294 0.039216 0.043137 0.047059 0.050981 0.054902 0.058824 0.062745 0.066667 0.070589 0.074510 0.078432 0.082353 0.086275 0.090196 0.094118 0.098040 0.101961 0.105883 0.109804 0.113726 0.117647 0.121569 0.125491 0.129412 0.133334 0.137255 0.141177 0.145098 0.149020 0.152942 0.156863 0.160785 0.164706 0.168628 0.172549 0.176471 0.180392 0.184314 0.188236 0.192157 0.196079 0.200000 0.203922 0.207843 0.211765 0.215687 0.219608 0.223530 0.227451 0.231373 0.235294 0.239216 0.243137 0.247059 0.250981 0.254902 0.258824 0.262745 0.266667 0.270588 0.274510 0.278431 0.282353 0.286275 0.290196 0.294118 0.298039 0.301961 0.305882 0.309804 0.313726 0.317647 0.321569 0.325490 0.329412 0.333333 0.337255 0.341177 0.345098 0.349020 0.352941 0.356863 0.360784 0.364706 0.368627 0.372549 0.376471 0.380392 0.384314 0.388235 0.392157 0.396078 0.400000 0.403921 0.407843 0.411765 0.415686 0.419608 0.423529 0.427451 0.431372 0.435294 0.439216 0.443137 0.447059 0.450980 0.454902 0.458823 0.462745 0.466667 0.470588 0.474510 0.478431 0.482353 0.486274 0.490196 0.494117 0.498039 0.501961 0.505882 0.509804 0.513725 0.517647 0.521568 0.525490 0.529411 0.533333 0.537255 0.541176 0.545098 0.549019 0.552941 0.556862 0.560784 0.564705 0.568627 0.572549 0.576470 0.580392 0.584313 0.588235 0.592156 0.596078 0.600000 0.603921 0.607843 0.611764 0.615686 0.619607 0.623529 0.627451 0.631372 0.635294 0.639215 0.643137 0.647059 0.650980 0.654902 0.658823 0.662745 0.666666 0.670588 0.674510 0.678431 0.682353 0.686274 0.690196 0.694118 0.698039 0.701961 0.705883 0.709804 0.713726 0.717647 0.721569 0.725490 0.729412 0.733334 0.737255 0.741177 0.745098 0.749020 0.752942 0.756863 0.760785 0.764706 0.768628 0.772549 0.776471 0.780393 0.784314 0.788236 0.792157 0.796079 0.800000 0.803922 0.807844 0.811765 0.815687 0.819608 0.823530 0.827451 0.831373 0.835294 0.839216 0.843138 0.847059 0.850981 0.854902 0.858824 0.862745 0.866667 0.870588 0.874510 0.878432 0.882353 0.886275 0.890196 0.894118 0.898039 0.901961 0.905883 0.909804 0.913726 0.917647 0.921569 0.925490 0.929412 0.933333 0.937255 0.941177 0.945098 0.949020 0.952941 0.956863 0.960784 0.964706 0.968627 0.972549 0.976471 0.980392 0.984314 0.988235 0.992157 0.996078 1.000000))
(time 0)
(channel red)
(curve
    (curve-type smooth)
    (n-points 17)
    (points 34 0.000000 0.000392 -1.000000 -1.000000 0.121569 0.038765 -1.000000 -1.000000 0.247059 0.163053 -1.000000 -1.000000 0.372549 0.298924 -1.000000 -1.000000 0.498039 0.443050 -1.000000 -1.000000 0.623529 0.612325 -1.000000 -1.000000 0.749020 0.790453 -1.000000 -1.000000 0.874510 0.939548 -1.000000 -1.000000 1.000000 1.000000)
    (n-samples 256)
    (samples 256 0.000392 0.000958 0.001529 0.002108 0.002700 0.003308 0.003938 0.004592 0.005276 0.005994 0.006749 0.007547 0.008390 0.009284 0.010232 0.011239 0.012309 0.013446 0.014655 0.015939 0.017302 0.018750 0.020286 0.021914 0.023638 0.025464 0.027394 0.029433 0.031586 0.033856 0.036247 0.038765 0.041422 0.044223 0.047163 0.050234 0.053431 0.056746 0.060173 0.063706 0.067338 0.071062 0.074872 0.078760 0.082722 0.086750 0.090837 0.094977 0.099163 0.103389 0.107649 0.111935 0.116241 0.120560 0.124887 0.129213 0.133534 0.137842 0.142130 0.146393 0.150623 0.154814 0.158960 0.163053 0.167125 0.171212 0.175312 0.179426 0.183554 0.187694 0.191847 0.196013 0.200191 0.204380 0.208581 0.212793 0.217017 0.221250 0.225495 0.229749 0.234012 0.238286 0.242568 0.246859 0.251158 0.255466 0.259781 0.264104 0.268435 0.272772 0.277116 0.281466 0.285822 0.290184 0.294552 0.298924 0.303295 0.307659 0.312018 0.316373 0.320726 0.325078 0.329430 0.333786 0.338145 0.342509 0.346881 0.351261 0.355652 0.360054 0.364469 0.368899 0.373346 0.377810 0.382293 0.386798 0.391325 0.395876 0.400453 0.405057 0.409689 0.414352 0.419047 0.423774 0.428537 0.433336 0.438173 0.443050 0.447967 0.452923 0.457916 0.462945 0.468009 0.473106 0.478235 0.483393 0.488580 0.493794 0.499033 0.504297 0.509583 0.514891 0.520217 0.525562 0.530924 0.536301 0.541691 0.547093 0.552506 0.557929 0.563358 0.568794 0.574235 0.579679 0.585124 0.590570 0.596014 0.601456 0.606893 0.612325 0.617775 0.623268 0.628799 0.634366 0.639964 0.645591 0.651242 0.656915 0.662606 0.668311 0.674027 0.679750 0.685478 0.691206 0.696931 0.702650 0.708359 0.714055 0.719734 0.725392 0.731027 0.736635 0.742212 0.747755 0.753260 0.758724 0.764144 0.769516 0.774836 0.780101 0.785308 0.790453 0.795580 0.800731 0.805901 0.811085 0.816277 0.821471 0.826663 0.831846 0.837015 0.842165 0.847290 0.852386 0.857445 0.862463 0.867435 0.872355 0.877218 0.882017 0.886748 0.891406 0.895984 0.900477 0.904880 0.909187 0.913394 0.917493 0.921481 0.925351 0.929099 0.932717 0.936202 0.939548 0.942758 0.945842 0.948804 0.951649 0.954380 0.957002 0.959518 0.961932 0.964250 0.966474 0.968608 0.970658 0.972626 0.974517 0.976335 0.978084 0.979768 0.981392 0.982958 0.984472 0.985937 0.987358 0.988738 0.990081 0.991392 0.992674 0.993932 0.995170 0.996392 0.997601 0.998803 1.000000))
(time 0)
(channel green)
(curve
    (curve-type smooth)
    (n-points 17)
    (points 34 0.000000 0.001569 -1.000000 -1.000000 0.121569 0.044421 -1.000000 -1.000000 0.247059 0.161120 -1.000000 -1.000000 0.372549 0.300417 -1.000000 -1.000000 0.498039 0.478406 -1.000000 -1.000000 0.623529 0.664685 -1.000000 -1.000000 0.749020 0.828593 -1.000000 -1.000000 0.874510 0.954235 -1.000000 -1.000000 1.000000 1.000000)
    (n-samples 256)
    (samples 256 0.001569 0.002377 0.003188 0.004007 0.004836 0.005680 0.006542 0.007425 0.008333 0.009270 0.010240 0.011245 0.012290 0.013377 0.014512 0.015697 0.016936 0.018232 0.019589 0.021011 0.022501 0.024063 0.025700 0.027416 0.029215 0.031100 0.033075 0.035143 0.037308 0.039574 0.041944 0.044421 0.047011 0.049715 0.052526 0.055441 0.058456 0.061566 0.064766 0.068052 0.071419 0.074864 0.078381 0.081967 0.085616 0.089324 0.093088 0.096901 0.100760 0.104661 0.108599 0.112569 0.116567 0.120589 0.124629 0.128685 0.132751 0.136822 0.140894 0.144964 0.149025 0.153075 0.157108 0.161120 0.165123 0.169135 0.173155 0.177186 0.181230 0.185287 0.189359 0.193448 0.197556 0.201683 0.205830 0.210001 0.214195 0.218415 0.222662 0.226938 0.231243 0.235580 0.239950 0.244354 0.248793 0.253271 0.257786 0.262343 0.266940 0.271581 0.276267 0.280999 0.285778 0.290607 0.295486 0.300417 0.305408 0.310463 0.315581 0.320757 0.325990 0.331277 0.336614 0.341999 0.347430 0.352903 0.358415 0.363965 0.369548 0.375163 0.380806 0.386475 0.392167 0.397879 0.403609 0.409353 0.415108 0.420873 0.426644 0.432419 0.438194 0.443967 0.449736 0.455496 0.461246 0.466983 0.472704 0.478406 0.484116 0.489862 0.495640 0.501447 0.507281 0.513140 0.519019 0.524917 0.530831 0.536757 0.542693 0.548637 0.554584 0.560534 0.566482 0.572426 0.578363 0.584290 0.590205 0.596105 0.601986 0.607847 0.613684 0.619494 0.625275 0.631024 0.636738 0.642414 0.648050 0.653642 0.659188 0.664685 0.670153 0.675614 0.681065 0.686506 0.691934 0.697349 0.702749 0.708132 0.713497 0.718843 0.724168 0.729471 0.734749 0.740003 0.745230 0.750429 0.755598 0.760736 0.765842 0.770913 0.775949 0.780949 0.785910 0.790831 0.795711 0.800548 0.805341 0.810089 0.814789 0.819441 0.824043 0.828593 0.833118 0.837643 0.842163 0.846675 0.851176 0.855660 0.860125 0.864566 0.868980 0.873364 0.877712 0.882022 0.886289 0.890510 0.894681 0.898798 0.902857 0.906855 0.910788 0.914651 0.918442 0.922156 0.925789 0.929338 0.932798 0.936167 0.939440 0.942614 0.945684 0.948646 0.951498 0.954235 0.956855 0.959362 0.961760 0.964051 0.966240 0.968330 0.970325 0.972229 0.974045 0.975776 0.977428 0.979002 0.980504 0.981936 0.983302 0.984606 0.985851 0.987042 0.988182 0.989274 0.990322 0.991329 0.992301 0.993239 0.994148 0.995032 0.995893 0.996737 0.997565 0.998383 0.999193 1.000000))
(time 0)
(channel blue)
(curve
    (curve-type smooth)
    (n-points 17)
    (points 34 0.000000 0.260784 -1.000000 -1.000000 0.121569 0.260784 -1.000000 -1.000000 0.247059 0.260784 -1.000000 -1.000000 0.372549 0.327074 -1.000000 -1.000000 0.498039 0.447592 -1.000000 -1.000000 0.623529 0.589356 -1.000000 -1.000000 0.749020 0.776297 -1.000000 -1.000000 0.874510 0.939428 -1.000000 -1.000000 1.000000 1.000000)
    (n-samples 256)
    (samples 256 0.260784 0.260784 0.260784 0.260784 0.260784 0.260784 0.260784 0.260784 0.260784 0.260784 0.260784 0.260784 0.260784 0.260784 0.260784 0.260784 0.260784 0.260784 0.260784 0.260784 0.260784 0.260784 0.260784 0.260784 0.260784 0.260784 0.260784 0.260784 0.260784 0.260784 0.260784 0.260784 0.260753 0.260663 0.260520 0.260331 0.260101 0.259837 0.259545 0.259230 0.258900 0.258559 0.258214 0.257871 0.257536 0.257215 0.256915 0.256641 0.256399 0.256196 0.256037 0.255929 0.255877 0.255888 0.255968 0.256123 0.256359 0.256681 0.257097 0.257612 0.258232 0.258963 0.259812 0.260784 0.261858 0.263007 0.264231 0.265527 0.266896 0.268336 0.269846 0.271425 0.273071 0.274784 0.276562 0.278404 0.280310 0.282278 0.284308 0.286397 0.288545 0.290750 0.293013 0.295330 0.297703 0.300128 0.302606 0.305135 0.307714 0.310342 0.313017 0.315740 0.318508 0.321320 0.324176 0.327074 0.330035 0.333078 0.336200 0.339399 0.342670 0.346012 0.349420 0.352893 0.356426 0.360018 0.363664 0.367363 0.371110 0.374904 0.378740 0.382616 0.386529 0.390476 0.394453 0.398459 0.402489 0.406541 0.410611 0.414698 0.418797 0.422905 0.427021 0.431140 0.435260 0.439377 0.443489 0.447592 0.451689 0.455786 0.459885 0.463987 0.468096 0.472213 0.476340 0.480480 0.484635 0.488808 0.492999 0.497212 0.501449 0.505711 0.510002 0.514323 0.518676 0.523064 0.527488 0.531952 0.536457 0.541005 0.545599 0.550241 0.554932 0.559676 0.564474 0.569328 0.574242 0.579216 0.584253 0.589356 0.594547 0.599843 0.605237 0.610725 0.616298 0.621952 0.627679 0.633473 0.639328 0.645238 0.651196 0.657196 0.663232 0.669298 0.675386 0.681491 0.687607 0.693726 0.699844 0.705953 0.712047 0.718120 0.724165 0.730177 0.736149 0.742074 0.747946 0.753760 0.759508 0.765184 0.770783 0.776297 0.781792 0.787334 0.792916 0.798529 0.804167 0.809822 0.815488 0.821158 0.826823 0.832477 0.838112 0.843722 0.849299 0.854836 0.860325 0.865761 0.871134 0.876438 0.881667 0.886812 0.891866 0.896823 0.901675 0.906414 0.911035 0.915528 0.919888 0.924107 0.928178 0.932093 0.935845 0.939428 0.942849 0.946125 0.949259 0.952258 0.955125 0.957865 0.960483 0.962984 0.965372 0.967652 0.969829 0.971908 0.973892 0.975787 0.977598 0.979329 0.980985 0.982570 0.984090 0.985548 0.986951 0.988301 0.989605 0.990866 0.992090 0.993281 0.994444 0.995583 0.996704 0.997810 0.998908 1.000000))
(time 0)
(channel alpha)
(curve
    (curve-type free)
    (n-points 17)
    (points 34 -1.000000 -1.000000 -1.000000 -1.000000 -1.000000 -1.000000 -1.000000 -1.000000 -1.000000 -1.000000 -1.000000 -1.000000 -1.000000 -1.000000 -1.000000 -1.000000 -1.000000 -1.000000 -1.000000 -1.000000 -1.000000 -1.000000 -1.000000 -1.000000 -1.000000 -1.000000 -1.000000 -1.000000 -1.000000 -1.000000 -1.000000 -1.000000 -1.000000 -1.000000)
    (n-samples 256)
    (samples 256 0.000000 0.003922 0.007843 0.011765 0.015686 0.019608 0.023529 0.027451 0.031373 0.035294 0.039216 0.043137 0.047059 0.050980 0.054902 0.058824 0.062745 0.066667 0.070588 0.074510 0.078431 0.082353 0.086275 0.090196 0.094118 0.098039 0.101961 0.105882 0.109804 0.113725 0.117647 0.121569 0.125490 0.129412 0.133333 0.137255 0.141176 0.145098 0.149020 0.152941 0.156863 0.160784 0.164706 0.168627 0.172549 0.176471 0.180392 0.184314 0.188235 0.192157 0.196078 0.200000 0.203922 0.207843 0.211765 0.215686 0.219608 0.223529 0.227451 0.231373 0.235294 0.239216 0.243137 0.247059 0.250980 0.254902 0.258824 0.262745 0.266667 0.270588 0.274510 0.278431 0.282353 0.286275 0.290196 0.294118 0.298039 0.301961 0.305882 0.309804 0.313725 0.317647 0.321569 0.325490 0.329412 0.333333 0.337255 0.341176 0.345098 0.349020 0.352941 0.356863 0.360784 0.364706 0.368627 0.372549 0.376471 0.380392 0.384314 0.388235 0.392157 0.396078 0.400000 0.403922 0.407843 0.411765 0.415686 0.419608 0.423529 0.427451 0.431373 0.435294 0.439216 0.443137 0.447059 0.450980 0.454902 0.458824 0.462745 0.466667 0.470588 0.474510 0.478431 0.482353 0.486275 0.490196 0.494118 0.498039 0.501961 0.505882 0.509804 0.513725 0.517647 0.521569 0.525490 0.529412 0.533333 0.537255 0.541176 0.545098 0.549020 0.552941 0.556863 0.560784 0.564706 0.568627 0.572549 0.576471 0.580392 0.584314 0.588235 0.592157 0.596078 0.600000 0.603922 0.607843 0.611765 0.615686 0.619608 0.623529 0.627451 0.631373 0.635294 0.639216 0.643137 0.647059 0.650980 0.654902 0.658824 0.662745 0.666667 0.670588 0.674510 0.678431 0.682353 0.686275 0.690196 0.694118 0.698039 0.701961 0.705882 0.709804 0.713725 0.717647 0.721569 0.725490 0.729412 0.733333 0.737255 0.741176 0.745098 0.749020 0.752941 0.756863 0.760784 0.764706 0.768627 0.772549 0.776471 0.780392 0.784314 0.788235 0.792157 0.796078 0.800000 0.803922 0.807843 0.811765 0.815686 0.819608 0.823529 0.827451 0.831373 0.835294 0.839216 0.843137 0.847059 0.850980 0.854902 0.858824 0.862745 0.866667 0.870588 0.874510 0.878431 0.882353 0.886275 0.890196 0.894118 0.898039 0.901961 0.905882 0.909804 0.913725 0.917647 0.921569 0.925490 0.929412 0.933333 0.937255 0.941176 0.945098 0.949020 0.952941 0.956863 0.960784 0.964706 0.968627 0.972549 0.976471 0.980392 0.984314 0.988235 0.992157 0.996078 1.000000))

# end of curves tool settings
