# GIMP curves tool settings

(time 0)
(time 0)
(channel value)
(curve
    (curve-type smooth)
    (n-points 17)
    (points 34 0.000000 0.000000 -1.000000 -1.000000 0.121569 0.121569 -1.000000 -1.000000 0.247059 0.247059 -1.000000 -1.000000 0.372549 0.372549 -1.000000 -1.000000 0.498039 0.498039 -1.000000 -1.000000 0.623529 0.623529 -1.000000 -1.000000 0.749020 0.749020 -1.000000 -1.000000 0.874510 0.874510 -1.000000 -1.000000 1.000000 1.000000)
    (n-samples 256)
    (samples 256 0.000000 0.003922 0.007843 0.011765 0.015686 0.019608 0.023530 0.027451 0.031373 0.035294 0.039216 0.043137 0.047059 0.050981 0.054902 0.058824 0.062745 0.066667 0.070589 0.074510 0.078432 0.082353 0.086275 0.090196 0.094118 0.098040 0.101961 0.105883 0.109804 0.113726 0.117647 0.121569 0.125491 0.129412 0.133334 0.137255 0.141177 0.145098 0.149020 0.152942 0.156863 0.160785 0.164706 0.168628 0.172549 0.176471 0.180392 0.184314 0.188236 0.192157 0.196079 0.200000 0.203922 0.207843 0.211765 0.215687 0.219608 0.223530 0.227451 0.231373 0.235294 0.239216 0.243137 0.247059 0.250981 0.254902 0.258824 0.262745 0.266667 0.270588 0.274510 0.278431 0.282353 0.286275 0.290196 0.294118 0.298039 0.301961 0.305882 0.309804 0.313726 0.317647 0.321569 0.325490 0.329412 0.333333 0.337255 0.341177 0.345098 0.349020 0.352941 0.356863 0.360784 0.364706 0.368627 0.372549 0.376471 0.380392 0.384314 0.388235 0.392157 0.396078 0.400000 0.403921 0.407843 0.411765 0.415686 0.419608 0.423529 0.427451 0.431372 0.435294 0.439216 0.443137 0.447059 0.450980 0.454902 0.458823 0.462745 0.466667 0.470588 0.474510 0.478431 0.482353 0.486274 0.490196 0.494117 0.498039 0.501961 0.505882 0.509804 0.513725 0.517647 0.521568 0.525490 0.529411 0.533333 0.537255 0.541176 0.545098 0.549019 0.552941 0.556862 0.560784 0.564705 0.568627 0.572549 0.576470 0.580392 0.584313 0.588235 0.592156 0.596078 0.600000 0.603921 0.607843 0.611764 0.615686 0.619607 0.623529 0.627451 0.631372 0.635294 0.639215 0.643137 0.647059 0.650980 0.654902 0.658823 0.662745 0.666666 0.670588 0.674510 0.678431 0.682353 0.686274 0.690196 0.694118 0.698039 0.701961 0.705883 0.709804 0.713726 0.717647 0.721569 0.725490 0.729412 0.733334 0.737255 0.741177 0.745098 0.749020 0.752942 0.756863 0.760785 0.764706 0.768628 0.772549 0.776471 0.780393 0.784314 0.788236 0.792157 0.796079 0.800000 0.803922 0.807844 0.811765 0.815687 0.819608 0.823530 0.827451 0.831373 0.835294 0.839216 0.843138 0.847059 0.850981 0.854902 0.858824 0.862745 0.866667 0.870588 0.874510 0.878432 0.882353 0.886275 0.890196 0.894118 0.898039 0.901961 0.905883 0.909804 0.913726 0.917647 0.921569 0.925490 0.929412 0.933333 0.937255 0.941177 0.945098 0.949020 0.952941 0.956863 0.960784 0.964706 0.968627 0.972549 0.976471 0.980392 0.984314 0.988235 0.992157 0.996078 1.000000))
(time 0)
(channel red)
(curve
    (curve-type smooth)
    (n-points 17)
    (points 34 0.000000 0.003922 -1.000000 -1.000000 0.121569 0.184314 -1.000000 -1.000000 0.247059 0.376471 -1.000000 -1.000000 0.372549 0.533333 -1.000000 -1.000000 0.498039 0.662745 -1.000000 -1.000000 0.623529 0.788235 -1.000000 -1.000000 0.749020 0.878431 -1.000000 -1.000000 0.874510 0.941176 -1.000000 -1.000000 1.000000 1.000000)
    (n-samples 256)
    (samples 256 0.003922 0.009694 0.015466 0.021239 0.027013 0.032788 0.038564 0.044342 0.050122 0.055905 0.061690 0.067478 0.073270 0.079065 0.084863 0.090666 0.096474 0.102286 0.108103 0.113925 0.119753 0.125587 0.131427 0.137273 0.143127 0.148987 0.154855 0.160730 0.166613 0.172505 0.178405 0.184314 0.190250 0.196228 0.202244 0.208295 0.214377 0.220485 0.226617 0.232769 0.238936 0.245116 0.251303 0.257495 0.263688 0.269878 0.276061 0.282233 0.288391 0.294530 0.300648 0.306740 0.312803 0.318832 0.324825 0.330776 0.336683 0.342542 0.348349 0.354100 0.359792 0.365420 0.370981 0.376471 0.381903 0.387295 0.392645 0.397955 0.403226 0.408459 0.413654 0.418812 0.423933 0.429018 0.434069 0.439086 0.444069 0.449019 0.453937 0.458824 0.463680 0.468506 0.473303 0.478071 0.482812 0.487526 0.492213 0.496875 0.501512 0.506124 0.510714 0.515280 0.519825 0.524348 0.528850 0.533333 0.537781 0.542182 0.546538 0.550850 0.555121 0.559353 0.563548 0.567708 0.571836 0.575933 0.580002 0.584045 0.588064 0.592062 0.596040 0.600000 0.603945 0.607876 0.611797 0.615709 0.619614 0.623515 0.627413 0.631311 0.635211 0.639115 0.643025 0.646944 0.650873 0.654815 0.658771 0.662745 0.666741 0.670760 0.674801 0.678860 0.682934 0.687021 0.691117 0.695220 0.699327 0.703435 0.707541 0.711642 0.715735 0.719818 0.723888 0.727941 0.731975 0.735987 0.739974 0.743934 0.747862 0.751758 0.755616 0.759436 0.763214 0.766946 0.770631 0.774264 0.777845 0.781368 0.784833 0.788235 0.791584 0.794892 0.798159 0.801386 0.804574 0.807723 0.810835 0.813909 0.816947 0.819949 0.822917 0.825850 0.828749 0.831616 0.834451 0.837255 0.840027 0.842770 0.845484 0.848169 0.850826 0.853457 0.856061 0.858639 0.861193 0.863722 0.866228 0.868711 0.871172 0.873612 0.876032 0.878431 0.880796 0.883114 0.885386 0.887615 0.889802 0.891951 0.894062 0.896139 0.898184 0.900198 0.902184 0.904143 0.906079 0.907993 0.909887 0.911764 0.913626 0.915474 0.917312 0.919140 0.920962 0.922779 0.924594 0.926409 0.928225 0.930046 0.931873 0.933708 0.935554 0.937412 0.939286 0.941176 0.943073 0.944964 0.946850 0.948730 0.950606 0.952476 0.954342 0.956204 0.958061 0.959914 0.961763 0.963608 0.965450 0.967288 0.969124 0.970956 0.972785 0.974611 0.976435 0.978257 0.980076 0.981894 0.983710 0.985524 0.987336 0.989148 0.990958 0.992768 0.994576 0.996385 0.998192 1.000000))
(time 0)
(channel green)
(curve
    (curve-type smooth)
    (n-points 17)
    (points 34 0.000000 0.003922 -1.000000 -1.000000 0.121569 0.113725 -1.000000 -1.000000 0.247059 0.243137 -1.000000 -1.000000 0.372549 0.407843 -1.000000 -1.000000 0.498039 0.623529 -1.000000 -1.000000 0.623529 0.760784 -1.000000 -1.000000 0.749020 0.847059 -1.000000 -1.000000 0.874510 0.925490 -1.000000 -1.000000 1.000000 1.000000)
    (n-samples 256)
    (samples 256 0.003922 0.007337 0.010752 0.014169 0.017589 0.021011 0.024438 0.027869 0.031306 0.034749 0.038200 0.041658 0.045125 0.048602 0.052089 0.055588 0.059098 0.062621 0.066157 0.069708 0.073274 0.076856 0.080454 0.084070 0.087705 0.091358 0.095032 0.098726 0.102441 0.106179 0.109940 0.113725 0.117521 0.121314 0.125108 0.128904 0.132703 0.136507 0.140319 0.144139 0.147970 0.151814 0.155672 0.159545 0.163437 0.167348 0.171281 0.175237 0.179218 0.183225 0.187261 0.191328 0.195426 0.199558 0.203726 0.207932 0.212176 0.216462 0.220791 0.225164 0.229583 0.234050 0.238568 0.243137 0.247742 0.252368 0.257016 0.261688 0.266384 0.271107 0.275857 0.280637 0.285447 0.290290 0.295166 0.300076 0.305024 0.310009 0.315033 0.320098 0.325205 0.330356 0.335551 0.340793 0.346083 0.351423 0.356813 0.362255 0.367751 0.373301 0.378909 0.384574 0.390299 0.396084 0.401932 0.407843 0.413873 0.420067 0.426413 0.432900 0.439516 0.446249 0.453087 0.460018 0.467031 0.474113 0.481252 0.488438 0.495658 0.502899 0.510151 0.517402 0.524639 0.531850 0.539025 0.546151 0.553216 0.560208 0.567116 0.573927 0.580631 0.587214 0.593665 0.599973 0.606125 0.612109 0.617915 0.623529 0.628992 0.634355 0.639619 0.644787 0.649862 0.654846 0.659742 0.664552 0.669279 0.673925 0.678493 0.682984 0.687403 0.691751 0.696031 0.700245 0.704396 0.708486 0.712518 0.716494 0.720417 0.724290 0.728114 0.731893 0.735629 0.739324 0.742981 0.746603 0.750191 0.753749 0.757279 0.760784 0.764231 0.767591 0.770866 0.774061 0.777181 0.780228 0.783207 0.786121 0.788975 0.791773 0.794519 0.797216 0.799868 0.802480 0.805055 0.807598 0.810112 0.812601 0.815069 0.817521 0.819959 0.822389 0.824813 0.827237 0.829663 0.832096 0.834540 0.836998 0.839476 0.841976 0.844502 0.847059 0.849627 0.852184 0.854729 0.857265 0.859790 0.862306 0.864813 0.867310 0.869799 0.872280 0.874752 0.877217 0.879675 0.882127 0.884571 0.887010 0.889443 0.891870 0.894293 0.896710 0.899124 0.901533 0.903939 0.906342 0.908742 0.911139 0.913534 0.915927 0.918319 0.920710 0.923100 0.925490 0.927877 0.930258 0.932634 0.935005 0.937370 0.939731 0.942087 0.944439 0.946787 0.949130 0.951469 0.953805 0.956137 0.958465 0.960790 0.963113 0.965432 0.967749 0.970063 0.972375 0.974684 0.976992 0.979298 0.981602 0.983905 0.986207 0.988507 0.990807 0.993106 0.995404 0.997702 1.000000))
(time 0)
(channel blue)
(curve
    (curve-type smooth)
    (n-points 17)
    (points 34 0.000000 0.007843 -1.000000 -1.000000 0.121569 0.309804 -1.000000 -1.000000 0.247059 0.505882 -1.000000 -1.000000 0.372549 0.603922 -1.000000 -1.000000 0.498039 0.709804 -1.000000 -1.000000 0.623529 0.784314 -1.000000 -1.000000 0.749020 0.854902 -1.000000 -1.000000 0.874510 0.929412 -1.000000 -1.000000 1.000000 1.000000)
    (n-samples 256)
    (samples 256 0.007843 0.018500 0.029152 0.039792 0.050415 0.061015 0.071587 0.082124 0.092621 0.103072 0.113471 0.123814 0.134093 0.144303 0.154439 0.164495 0.174465 0.184343 0.194124 0.203802 0.213370 0.222825 0.232159 0.241366 0.250442 0.259381 0.268176 0.276823 0.285314 0.293646 0.301811 0.309804 0.317646 0.325364 0.332957 0.340429 0.347780 0.355011 0.362125 0.369122 0.376004 0.382773 0.389430 0.395976 0.402412 0.408742 0.414964 0.421082 0.427097 0.433009 0.438821 0.444534 0.450149 0.455668 0.461092 0.466423 0.471662 0.476810 0.481870 0.486841 0.491727 0.496528 0.501246 0.505882 0.510380 0.514688 0.518816 0.522775 0.526573 0.530220 0.533726 0.537102 0.540355 0.543497 0.546536 0.549483 0.552347 0.555138 0.557865 0.560539 0.563169 0.565764 0.568335 0.570891 0.573441 0.575996 0.578565 0.581158 0.583785 0.586454 0.589177 0.591962 0.594819 0.597759 0.600790 0.603922 0.607131 0.610382 0.613671 0.616996 0.620353 0.623738 0.627147 0.630576 0.634023 0.637484 0.640955 0.644432 0.647912 0.651391 0.654866 0.658334 0.661789 0.665230 0.668652 0.672051 0.675425 0.678770 0.682081 0.685356 0.688590 0.691781 0.694924 0.698016 0.701054 0.704034 0.706952 0.709804 0.712594 0.715330 0.718013 0.720646 0.723231 0.725772 0.728271 0.730729 0.733151 0.735537 0.737891 0.740215 0.742512 0.744785 0.747035 0.749265 0.751478 0.753676 0.755862 0.758039 0.760208 0.762372 0.764535 0.766698 0.768863 0.771034 0.773213 0.775402 0.777605 0.779822 0.782058 0.784314 0.786576 0.788826 0.791067 0.793298 0.795521 0.797736 0.799944 0.802145 0.804340 0.806531 0.808717 0.810899 0.813079 0.815257 0.817433 0.819608 0.821783 0.823959 0.826137 0.828317 0.830499 0.832685 0.834876 0.837071 0.839272 0.841480 0.843695 0.845918 0.848149 0.850390 0.852640 0.854902 0.857175 0.859458 0.861752 0.864055 0.866366 0.868686 0.871013 0.873346 0.875685 0.878028 0.880377 0.882728 0.885083 0.887440 0.889798 0.892157 0.894516 0.896874 0.899231 0.901586 0.903937 0.906286 0.908629 0.910968 0.913301 0.915628 0.917948 0.920259 0.922562 0.924856 0.927139 0.929412 0.931676 0.933935 0.936188 0.938437 0.940680 0.942918 0.945152 0.947381 0.949606 0.951826 0.954043 0.956256 0.958465 0.960671 0.962874 0.965074 0.967270 0.969465 0.971656 0.973845 0.976033 0.978218 0.980401 0.982583 0.984763 0.986942 0.989120 0.991297 0.993473 0.995649 0.997825 1.000000))
(time 0)
(channel alpha)
(curve
    (curve-type free)
    (n-points 17)
    (points 34 -1.000000 -1.000000 -1.000000 -1.000000 -1.000000 -1.000000 -1.000000 -1.000000 -1.000000 -1.000000 -1.000000 -1.000000 -1.000000 -1.000000 -1.000000 -1.000000 -1.000000 -1.000000 -1.000000 -1.000000 -1.000000 -1.000000 -1.000000 -1.000000 -1.000000 -1.000000 -1.000000 -1.000000 -1.000000 -1.000000 -1.000000 -1.000000 -1.000000 -1.000000)
    (n-samples 256)
    (samples 256 0.000000 0.003922 0.007843 0.011765 0.015686 0.019608 0.023529 0.027451 0.031373 0.035294 0.039216 0.043137 0.047059 0.050980 0.054902 0.058824 0.062745 0.066667 0.070588 0.074510 0.078431 0.082353 0.086275 0.090196 0.094118 0.098039 0.101961 0.105882 0.109804 0.113725 0.117647 0.121569 0.125490 0.129412 0.133333 0.137255 0.141176 0.145098 0.149020 0.152941 0.156863 0.160784 0.164706 0.168627 0.172549 0.176471 0.180392 0.184314 0.188235 0.192157 0.196078 0.200000 0.203922 0.207843 0.211765 0.215686 0.219608 0.223529 0.227451 0.231373 0.235294 0.239216 0.243137 0.247059 0.250980 0.254902 0.258824 0.262745 0.266667 0.270588 0.274510 0.278431 0.282353 0.286275 0.290196 0.294118 0.298039 0.301961 0.305882 0.309804 0.313725 0.317647 0.321569 0.325490 0.329412 0.333333 0.337255 0.341176 0.345098 0.349020 0.352941 0.356863 0.360784 0.364706 0.368627 0.372549 0.376471 0.380392 0.384314 0.388235 0.392157 0.396078 0.400000 0.403922 0.407843 0.411765 0.415686 0.419608 0.423529 0.427451 0.431373 0.435294 0.439216 0.443137 0.447059 0.450980 0.454902 0.458824 0.462745 0.466667 0.470588 0.474510 0.478431 0.482353 0.486275 0.490196 0.494118 0.498039 0.501961 0.505882 0.509804 0.513725 0.517647 0.521569 0.525490 0.529412 0.533333 0.537255 0.541176 0.545098 0.549020 0.552941 0.556863 0.560784 0.564706 0.568627 0.572549 0.576471 0.580392 0.584314 0.588235 0.592157 0.596078 0.600000 0.603922 0.607843 0.611765 0.615686 0.619608 0.623529 0.627451 0.631373 0.635294 0.639216 0.643137 0.647059 0.650980 0.654902 0.658824 0.662745 0.666667 0.670588 0.674510 0.678431 0.682353 0.686275 0.690196 0.694118 0.698039 0.701961 0.705882 0.709804 0.713725 0.717647 0.721569 0.725490 0.729412 0.733333 0.737255 0.741176 0.745098 0.749020 0.752941 0.756863 0.760784 0.764706 0.768627 0.772549 0.776471 0.780392 0.784314 0.788235 0.792157 0.796078 0.800000 0.803922 0.807843 0.811765 0.815686 0.819608 0.823529 0.827451 0.831373 0.835294 0.839216 0.843137 0.847059 0.850980 0.854902 0.858824 0.862745 0.866667 0.870588 0.874510 0.878431 0.882353 0.886275 0.890196 0.894118 0.898039 0.901961 0.905882 0.909804 0.913725 0.917647 0.921569 0.925490 0.929412 0.933333 0.937255 0.941176 0.945098 0.949020 0.952941 0.956863 0.960784 0.964706 0.968627 0.972549 0.976471 0.980392 0.984314 0.988235 0.992157 0.996078 1.000000))

# end of curves tool settings
