# GIMP curves tool settings

(time 0)
(time 0)
(channel value)
(curve
    (curve-type smooth)
    (n-points 17)
    (points 34 0.000000 0.000000 -1.000000 -1.000000 0.121569 0.121569 -1.000000 -1.000000 0.247059 0.247059 -1.000000 -1.000000 0.372549 0.372549 -1.000000 -1.000000 0.498039 0.498039 -1.000000 -1.000000 0.623529 0.623529 -1.000000 -1.000000 0.749020 0.749020 -1.000000 -1.000000 0.874510 0.874510 -1.000000 -1.000000 1.000000 1.000000)
    (n-samples 256)
    (samples 256 0.000000 0.003922 0.007843 0.011765 0.015686 0.019608 0.023530 0.027451 0.031373 0.035294 0.039216 0.043137 0.047059 0.050981 0.054902 0.058824 0.062745 0.066667 0.070589 0.074510 0.078432 0.082353 0.086275 0.090196 0.094118 0.098040 0.101961 0.105883 0.109804 0.113726 0.117647 0.121569 0.125491 0.129412 0.133334 0.137255 0.141177 0.145098 0.149020 0.152942 0.156863 0.160785 0.164706 0.168628 0.172549 0.176471 0.180392 0.184314 0.188236 0.192157 0.196079 0.200000 0.203922 0.207843 0.211765 0.215687 0.219608 0.223530 0.227451 0.231373 0.235294 0.239216 0.243137 0.247059 0.250981 0.254902 0.258824 0.262745 0.266667 0.270588 0.274510 0.278431 0.282353 0.286275 0.290196 0.294118 0.298039 0.301961 0.305882 0.309804 0.313726 0.317647 0.321569 0.325490 0.329412 0.333333 0.337255 0.341177 0.345098 0.349020 0.352941 0.356863 0.360784 0.364706 0.368627 0.372549 0.376471 0.380392 0.384314 0.388235 0.392157 0.396078 0.400000 0.403921 0.407843 0.411765 0.415686 0.419608 0.423529 0.427451 0.431372 0.435294 0.439216 0.443137 0.447059 0.450980 0.454902 0.458823 0.462745 0.466667 0.470588 0.474510 0.478431 0.482353 0.486274 0.490196 0.494117 0.498039 0.501961 0.505882 0.509804 0.513725 0.517647 0.521568 0.525490 0.529411 0.533333 0.537255 0.541176 0.545098 0.549019 0.552941 0.556862 0.560784 0.564705 0.568627 0.572549 0.576470 0.580392 0.584313 0.588235 0.592156 0.596078 0.600000 0.603921 0.607843 0.611764 0.615686 0.619607 0.623529 0.627451 0.631372 0.635294 0.639215 0.643137 0.647059 0.650980 0.654902 0.658823 0.662745 0.666666 0.670588 0.674510 0.678431 0.682353 0.686274 0.690196 0.694118 0.698039 0.701961 0.705883 0.709804 0.713726 0.717647 0.721569 0.725490 0.729412 0.733334 0.737255 0.741177 0.745098 0.749020 0.752942 0.756863 0.760785 0.764706 0.768628 0.772549 0.776471 0.780393 0.784314 0.788236 0.792157 0.796079 0.800000 0.803922 0.807844 0.811765 0.815687 0.819608 0.823530 0.827451 0.831373 0.835294 0.839216 0.843138 0.847059 0.850981 0.854902 0.858824 0.862745 0.866667 0.870588 0.874510 0.878432 0.882353 0.886275 0.890196 0.894118 0.898039 0.901961 0.905883 0.909804 0.913726 0.917647 0.921569 0.925490 0.929412 0.933333 0.937255 0.941177 0.945098 0.949020 0.952941 0.956863 0.960784 0.964706 0.968627 0.972549 0.976471 0.980392 0.984314 0.988235 0.992157 0.996078 1.000000))
(time 0)
(channel red)
(curve
    (curve-type smooth)
    (n-points 17)
    (points 34 0.000000 0.024183 -1.000000 -1.000000 0.121569 0.048308 -1.000000 -1.000000 0.247059 0.154831 -1.000000 -1.000000 0.372549 0.314038 -1.000000 -1.000000 0.498039 0.497584 -1.000000 -1.000000 0.623529 0.683345 -1.000000 -1.000000 0.749020 0.841507 -1.000000 -1.000000 0.874510 0.957243 -1.000000 -1.000000 1.000000 0.997723)
    (n-samples 256)
    (samples 256 0.024183 0.024314 0.024449 0.024593 0.024748 0.024920 0.025111 0.025327 0.025572 0.025848 0.026162 0.026515 0.026913 0.027360 0.027859 0.028415 0.029031 0.029712 0.030462 0.031285 0.032185 0.033165 0.034230 0.035385 0.036632 0.037977 0.039422 0.040973 0.042633 0.044406 0.046296 0.048308 0.050434 0.052663 0.054992 0.057420 0.059942 0.062557 0.065263 0.068056 0.070935 0.073896 0.076937 0.080056 0.083250 0.086516 0.089853 0.093256 0.096725 0.100257 0.103848 0.107496 0.111200 0.114955 0.118761 0.122613 0.126511 0.130450 0.134429 0.138446 0.142496 0.146579 0.150692 0.154831 0.159022 0.163290 0.167632 0.172044 0.176526 0.181074 0.185686 0.190358 0.195089 0.199875 0.204715 0.209605 0.214544 0.219527 0.224554 0.229621 0.234725 0.239864 0.245036 0.250238 0.255466 0.260720 0.265995 0.271290 0.276602 0.281928 0.287266 0.292612 0.297966 0.303323 0.308681 0.314038 0.319416 0.324837 0.330300 0.335801 0.341341 0.346915 0.352522 0.358161 0.363829 0.369524 0.375244 0.380988 0.386752 0.392536 0.398336 0.404151 0.409980 0.415819 0.421667 0.427522 0.433382 0.439245 0.445109 0.450971 0.456831 0.462684 0.468531 0.474368 0.480194 0.486007 0.491804 0.497584 0.503370 0.509184 0.515024 0.520887 0.526770 0.532671 0.538587 0.544515 0.550453 0.556397 0.562345 0.568295 0.574243 0.580187 0.586124 0.592051 0.597966 0.603866 0.609747 0.615609 0.621447 0.627259 0.633042 0.638793 0.644511 0.650191 0.655832 0.661430 0.666984 0.672489 0.677944 0.683345 0.688712 0.694066 0.699404 0.704726 0.710030 0.715314 0.720578 0.725820 0.731039 0.736233 0.741401 0.746542 0.751653 0.756735 0.761785 0.766803 0.771786 0.776733 0.781644 0.786516 0.791349 0.796141 0.800891 0.805596 0.810257 0.814872 0.819438 0.823956 0.828423 0.832838 0.837200 0.841507 0.845781 0.850044 0.854290 0.858519 0.862726 0.866908 0.871063 0.875188 0.879279 0.883334 0.887350 0.891323 0.895250 0.899129 0.902957 0.906730 0.910446 0.914101 0.917693 0.921218 0.924674 0.928058 0.931365 0.934595 0.937743 0.940806 0.943782 0.946667 0.949459 0.952154 0.954750 0.957243 0.959629 0.961909 0.964085 0.966161 0.968141 0.970028 0.971825 0.973536 0.975165 0.976714 0.978187 0.979588 0.980921 0.982187 0.983392 0.984538 0.985629 0.986669 0.987660 0.988606 0.989511 0.990378 0.991211 0.992013 0.992787 0.993537 0.994266 0.994978 0.995676 0.996364 0.997045 0.997723))
(time 0)
(channel green)
(curve
    (curve-type smooth)
    (n-points 17)
    (points 34 0.000000 0.010784 -1.000000 -1.000000 0.121569 0.042665 -1.000000 -1.000000 0.247059 0.155542 -1.000000 -1.000000 0.372549 0.319728 -1.000000 -1.000000 0.498039 0.499008 -1.000000 -1.000000 0.623529 0.686299 -1.000000 -1.000000 0.749020 0.843454 -1.000000 -1.000000 0.874510 0.957699 -1.000000 -1.000000 1.000000 0.999459)
    (n-samples 256)
    (samples 256 0.010784 0.011178 0.011577 0.011983 0.012401 0.012835 0.013289 0.013767 0.014272 0.014809 0.015382 0.015994 0.016650 0.017354 0.018109 0.018919 0.019789 0.020722 0.021723 0.022795 0.023942 0.025169 0.026479 0.027876 0.029364 0.030947 0.032629 0.034414 0.036307 0.038310 0.040428 0.042665 0.045014 0.047464 0.050013 0.052658 0.055397 0.058226 0.061144 0.064148 0.067236 0.070405 0.073652 0.076975 0.080372 0.083840 0.087376 0.090978 0.094644 0.098370 0.102156 0.105997 0.109891 0.113837 0.117831 0.121871 0.125954 0.130078 0.134241 0.138439 0.142671 0.146934 0.151225 0.155542 0.159913 0.164367 0.168899 0.173507 0.178187 0.182936 0.187750 0.192627 0.197563 0.202554 0.207598 0.212690 0.217829 0.223010 0.228229 0.233485 0.238773 0.244090 0.249433 0.254798 0.260182 0.265583 0.270996 0.276418 0.281846 0.287276 0.292706 0.298132 0.303550 0.308958 0.314352 0.319728 0.325105 0.330504 0.335923 0.341361 0.346818 0.352294 0.357788 0.363299 0.368826 0.374369 0.379928 0.385500 0.391087 0.396687 0.402300 0.407924 0.413560 0.419206 0.424862 0.430528 0.436202 0.441885 0.447574 0.453271 0.458974 0.464682 0.470394 0.476111 0.481832 0.487555 0.493281 0.499008 0.504758 0.510549 0.516378 0.522242 0.528137 0.534060 0.540006 0.545974 0.551958 0.557956 0.563965 0.569980 0.575998 0.582016 0.588030 0.594036 0.600032 0.606014 0.611978 0.617920 0.623838 0.629727 0.635585 0.641407 0.647191 0.652933 0.658628 0.664275 0.669869 0.675406 0.680884 0.686299 0.691672 0.697027 0.702363 0.707679 0.712973 0.718244 0.723491 0.728712 0.733908 0.739076 0.744215 0.749325 0.754404 0.759450 0.764463 0.769442 0.774385 0.779291 0.784159 0.788988 0.793777 0.798524 0.803228 0.807889 0.812504 0.817074 0.821596 0.826069 0.830493 0.834866 0.839186 0.843454 0.847688 0.851906 0.856105 0.860283 0.864438 0.868566 0.872665 0.876731 0.880763 0.884758 0.888712 0.892624 0.896490 0.900308 0.904075 0.907789 0.911446 0.915044 0.918580 0.922052 0.925456 0.928791 0.932053 0.935240 0.938349 0.941377 0.944322 0.947180 0.949950 0.952628 0.955212 0.957699 0.960084 0.962366 0.964549 0.966635 0.968629 0.970533 0.972350 0.974085 0.975740 0.977319 0.978825 0.980261 0.981630 0.982937 0.984184 0.985374 0.986512 0.987600 0.988641 0.989639 0.990597 0.991519 0.992407 0.993266 0.994098 0.994907 0.995696 0.996469 0.997228 0.997977 0.998720 0.999459))
(time 0)
(channel blue)
(curve
    (curve-type smooth)
    (n-points 17)
    (points 34 0.000000 0.005853 -1.000000 -1.000000 0.121569 0.043693 -1.000000 -1.000000 0.247059 0.154759 -1.000000 -1.000000 0.372549 0.318024 -1.000000 -1.000000 0.498039 0.499930 -1.000000 -1.000000 0.623529 0.681052 -1.000000 -1.000000 0.749020 0.850097 -1.000000 -1.000000 0.874510 0.959228 -1.000000 -1.000000 1.000000 0.994901)
    (n-samples 256)
    (samples 256 0.005853 0.006503 0.007156 0.007817 0.008488 0.009173 0.009876 0.010601 0.011351 0.012129 0.012939 0.013785 0.014671 0.015599 0.016573 0.017598 0.018676 0.019811 0.021006 0.022266 0.023594 0.024993 0.026467 0.028019 0.029654 0.031374 0.033183 0.035085 0.037084 0.039182 0.041384 0.043693 0.046100 0.048593 0.051169 0.053829 0.056568 0.059387 0.062282 0.065254 0.068298 0.071415 0.074603 0.077859 0.081182 0.084570 0.088021 0.091535 0.095108 0.098740 0.102429 0.106172 0.109969 0.113817 0.117715 0.121661 0.125654 0.129691 0.133772 0.137894 0.142055 0.146254 0.150489 0.154759 0.159087 0.163495 0.167981 0.172542 0.177174 0.181874 0.186640 0.191468 0.196355 0.201299 0.206295 0.211341 0.216434 0.221571 0.226749 0.231964 0.237214 0.242495 0.247805 0.253140 0.258498 0.263875 0.269268 0.274674 0.280090 0.285513 0.290939 0.296367 0.301792 0.307212 0.312624 0.318024 0.323436 0.328883 0.334363 0.339876 0.345418 0.350989 0.356586 0.362208 0.367853 0.373519 0.379205 0.384908 0.390627 0.396360 0.402105 0.407861 0.413625 0.419397 0.425173 0.430953 0.436735 0.442517 0.448296 0.454072 0.459842 0.465605 0.471359 0.477102 0.482832 0.488548 0.494248 0.499930 0.505607 0.511294 0.516988 0.522690 0.528398 0.534111 0.539829 0.545549 0.551271 0.556994 0.562717 0.568439 0.574159 0.579875 0.585588 0.591295 0.596996 0.602689 0.608374 0.614050 0.619716 0.625370 0.631011 0.636639 0.642252 0.647850 0.653431 0.658995 0.664540 0.670065 0.675569 0.681052 0.686540 0.692059 0.697604 0.703170 0.708754 0.714351 0.719957 0.725567 0.731176 0.736782 0.742378 0.747961 0.753527 0.759070 0.764588 0.770074 0.775525 0.780937 0.786305 0.791624 0.796891 0.802101 0.807249 0.812332 0.817344 0.822282 0.827140 0.831916 0.836604 0.841199 0.845699 0.850097 0.854421 0.858698 0.862927 0.867108 0.871238 0.875316 0.879342 0.883314 0.887231 0.891091 0.894894 0.898637 0.902321 0.905943 0.909503 0.912998 0.916429 0.919793 0.923089 0.926317 0.929475 0.932561 0.935575 0.938514 0.941379 0.944168 0.946879 0.949511 0.952064 0.954535 0.956923 0.959228 0.961437 0.963542 0.965547 0.967453 0.969266 0.970988 0.972622 0.974172 0.975642 0.977034 0.978352 0.979600 0.980780 0.981896 0.982952 0.983951 0.984896 0.985791 0.986638 0.987442 0.988205 0.988932 0.989624 0.990287 0.990923 0.991535 0.992126 0.992702 0.993263 0.993815 0.994360 0.994901))
(time 0)
(channel alpha)
(curve
    (curve-type free)
    (n-points 17)
    (points 34 -1.000000 -1.000000 -1.000000 -1.000000 -1.000000 -1.000000 -1.000000 -1.000000 -1.000000 -1.000000 -1.000000 -1.000000 -1.000000 -1.000000 -1.000000 -1.000000 -1.000000 -1.000000 -1.000000 -1.000000 -1.000000 -1.000000 -1.000000 -1.000000 -1.000000 -1.000000 -1.000000 -1.000000 -1.000000 -1.000000 -1.000000 -1.000000 -1.000000 -1.000000)
    (n-samples 256)
    (samples 256 0.000000 0.003922 0.007843 0.011765 0.015686 0.019608 0.023529 0.027451 0.031373 0.035294 0.039216 0.043137 0.047059 0.050980 0.054902 0.058824 0.062745 0.066667 0.070588 0.074510 0.078431 0.082353 0.086275 0.090196 0.094118 0.098039 0.101961 0.105882 0.109804 0.113725 0.117647 0.121569 0.125490 0.129412 0.133333 0.137255 0.141176 0.145098 0.149020 0.152941 0.156863 0.160784 0.164706 0.168627 0.172549 0.176471 0.180392 0.184314 0.188235 0.192157 0.196078 0.200000 0.203922 0.207843 0.211765 0.215686 0.219608 0.223529 0.227451 0.231373 0.235294 0.239216 0.243137 0.247059 0.250980 0.254902 0.258824 0.262745 0.266667 0.270588 0.274510 0.278431 0.282353 0.286275 0.290196 0.294118 0.298039 0.301961 0.305882 0.309804 0.313725 0.317647 0.321569 0.325490 0.329412 0.333333 0.337255 0.341176 0.345098 0.349020 0.352941 0.356863 0.360784 0.364706 0.368627 0.372549 0.376471 0.380392 0.384314 0.388235 0.392157 0.396078 0.400000 0.403922 0.407843 0.411765 0.415686 0.419608 0.423529 0.427451 0.431373 0.435294 0.439216 0.443137 0.447059 0.450980 0.454902 0.458824 0.462745 0.466667 0.470588 0.474510 0.478431 0.482353 0.486275 0.490196 0.494118 0.498039 0.501961 0.505882 0.509804 0.513725 0.517647 0.521569 0.525490 0.529412 0.533333 0.537255 0.541176 0.545098 0.549020 0.552941 0.556863 0.560784 0.564706 0.568627 0.572549 0.576471 0.580392 0.584314 0.588235 0.592157 0.596078 0.600000 0.603922 0.607843 0.611765 0.615686 0.619608 0.623529 0.627451 0.631373 0.635294 0.639216 0.643137 0.647059 0.650980 0.654902 0.658824 0.662745 0.666667 0.670588 0.674510 0.678431 0.682353 0.686275 0.690196 0.694118 0.698039 0.701961 0.705882 0.709804 0.713725 0.717647 0.721569 0.725490 0.729412 0.733333 0.737255 0.741176 0.745098 0.749020 0.752941 0.756863 0.760784 0.764706 0.768627 0.772549 0.776471 0.780392 0.784314 0.788235 0.792157 0.796078 0.800000 0.803922 0.807843 0.811765 0.815686 0.819608 0.823529 0.827451 0.831373 0.835294 0.839216 0.843137 0.847059 0.850980 0.854902 0.858824 0.862745 0.866667 0.870588 0.874510 0.878431 0.882353 0.886275 0.890196 0.894118 0.898039 0.901961 0.905882 0.909804 0.913725 0.917647 0.921569 0.925490 0.929412 0.933333 0.937255 0.941176 0.945098 0.949020 0.952941 0.956863 0.960784 0.964706 0.968627 0.972549 0.976471 0.980392 0.984314 0.988235 0.992157 0.996078 1.000000))

# end of curves tool settings
