# GIMP curves tool settings

(time 0)
(time 0)
(channel value)
(curve
    (curve-type smooth)
    (n-points 17)
    (points 34 0.000000 0.000000 -1.000000 -1.000000 0.121569 0.121569 -1.000000 -1.000000 0.247059 0.247059 -1.000000 -1.000000 0.372549 0.372549 -1.000000 -1.000000 0.498039 0.498039 -1.000000 -1.000000 0.623529 0.623529 -1.000000 -1.000000 0.749020 0.749020 -1.000000 -1.000000 0.874510 0.874510 -1.000000 -1.000000 1.000000 1.000000)
    (n-samples 256)
    (samples 256 0.000000 0.003922 0.007843 0.011765 0.015686 0.019608 0.023530 0.027451 0.031373 0.035294 0.039216 0.043137 0.047059 0.050981 0.054902 0.058824 0.062745 0.066667 0.070589 0.074510 0.078432 0.082353 0.086275 0.090196 0.094118 0.098040 0.101961 0.105883 0.109804 0.113726 0.117647 0.121569 0.125491 0.129412 0.133334 0.137255 0.141177 0.145098 0.149020 0.152942 0.156863 0.160785 0.164706 0.168628 0.172549 0.176471 0.180392 0.184314 0.188236 0.192157 0.196079 0.200000 0.203922 0.207843 0.211765 0.215687 0.219608 0.223530 0.227451 0.231373 0.235294 0.239216 0.243137 0.247059 0.250981 0.254902 0.258824 0.262745 0.266667 0.270588 0.274510 0.278431 0.282353 0.286275 0.290196 0.294118 0.298039 0.301961 0.305882 0.309804 0.313726 0.317647 0.321569 0.325490 0.329412 0.333333 0.337255 0.341177 0.345098 0.349020 0.352941 0.356863 0.360784 0.364706 0.368627 0.372549 0.376471 0.380392 0.384314 0.388235 0.392157 0.396078 0.400000 0.403921 0.407843 0.411765 0.415686 0.419608 0.423529 0.427451 0.431372 0.435294 0.439216 0.443137 0.447059 0.450980 0.454902 0.458823 0.462745 0.466667 0.470588 0.474510 0.478431 0.482353 0.486274 0.490196 0.494117 0.498039 0.501961 0.505882 0.509804 0.513725 0.517647 0.521568 0.525490 0.529411 0.533333 0.537255 0.541176 0.545098 0.549019 0.552941 0.556862 0.560784 0.564705 0.568627 0.572549 0.576470 0.580392 0.584313 0.588235 0.592156 0.596078 0.600000 0.603921 0.607843 0.611764 0.615686 0.619607 0.623529 0.627451 0.631372 0.635294 0.639215 0.643137 0.647059 0.650980 0.654902 0.658823 0.662745 0.666666 0.670588 0.674510 0.678431 0.682353 0.686274 0.690196 0.694118 0.698039 0.701961 0.705883 0.709804 0.713726 0.717647 0.721569 0.725490 0.729412 0.733334 0.737255 0.741177 0.745098 0.749020 0.752942 0.756863 0.760785 0.764706 0.768628 0.772549 0.776471 0.780393 0.784314 0.788236 0.792157 0.796079 0.800000 0.803922 0.807844 0.811765 0.815687 0.819608 0.823530 0.827451 0.831373 0.835294 0.839216 0.843138 0.847059 0.850981 0.854902 0.858824 0.862745 0.866667 0.870588 0.874510 0.878432 0.882353 0.886275 0.890196 0.894118 0.898039 0.901961 0.905883 0.909804 0.913726 0.917647 0.921569 0.925490 0.929412 0.933333 0.937255 0.941177 0.945098 0.949020 0.952941 0.956863 0.960784 0.964706 0.968627 0.972549 0.976471 0.980392 0.984314 0.988235 0.992157 0.996078 1.000000))
(time 0)
(channel red)
(curve
    (curve-type smooth)
    (n-points 17)
    (points 34 0.000000 0.018301 -1.000000 -1.000000 0.121569 0.140340 -1.000000 -1.000000 0.247059 0.293839 -1.000000 -1.000000 0.372549 0.436997 -1.000000 -1.000000 0.498039 0.572834 -1.000000 -1.000000 0.623529 0.704905 -1.000000 -1.000000 0.749020 0.822627 -1.000000 -1.000000 0.874510 0.918599 -1.000000 -1.000000 1.000000 1.000000)
    (n-samples 256)
    (samples 256 0.018301 0.022020 0.025739 0.029462 0.033189 0.036921 0.040660 0.044407 0.048164 0.051931 0.055711 0.059505 0.063313 0.067138 0.070981 0.074843 0.078725 0.082629 0.086556 0.090508 0.094485 0.098490 0.102524 0.106588 0.110683 0.114810 0.118972 0.123169 0.127403 0.131676 0.135987 0.140340 0.144745 0.149209 0.153729 0.158302 0.162924 0.167592 0.172303 0.177053 0.181838 0.186655 0.191501 0.196373 0.201266 0.206178 0.211105 0.216043 0.220989 0.225941 0.230893 0.235844 0.240789 0.245725 0.250649 0.255557 0.260445 0.265311 0.270151 0.274961 0.279739 0.284480 0.289181 0.293839 0.298468 0.303084 0.307687 0.312279 0.316858 0.321426 0.325982 0.330527 0.335062 0.339585 0.344099 0.348602 0.353096 0.357580 0.362056 0.366522 0.370979 0.375429 0.379870 0.384303 0.388729 0.393148 0.397560 0.401965 0.406363 0.410756 0.415142 0.419523 0.423899 0.428270 0.432636 0.436997 0.441351 0.445695 0.450029 0.454353 0.458668 0.462973 0.467270 0.471559 0.475840 0.480113 0.484379 0.488638 0.492890 0.497135 0.501375 0.505608 0.509837 0.514060 0.518279 0.522493 0.526703 0.530909 0.535112 0.539311 0.543508 0.547702 0.551894 0.556085 0.560273 0.564461 0.568648 0.572834 0.577023 0.581218 0.585418 0.589621 0.593827 0.598035 0.602244 0.606453 0.610660 0.614866 0.619069 0.623267 0.627461 0.631648 0.635829 0.640002 0.644166 0.648320 0.652463 0.656595 0.660714 0.664819 0.668910 0.672984 0.677043 0.681084 0.685106 0.689108 0.693091 0.697052 0.700990 0.704905 0.708805 0.712697 0.716580 0.720456 0.724321 0.728177 0.732021 0.735854 0.739675 0.743483 0.747277 0.751058 0.754823 0.758572 0.762306 0.766022 0.769721 0.773401 0.777063 0.780705 0.784326 0.787927 0.791506 0.795062 0.798595 0.802105 0.805590 0.809051 0.812485 0.815893 0.819274 0.822627 0.825952 0.829249 0.832520 0.835764 0.838982 0.842176 0.845345 0.848491 0.851613 0.854714 0.857792 0.860850 0.863887 0.866905 0.869903 0.872883 0.875845 0.878791 0.881719 0.884633 0.887530 0.890414 0.893284 0.896140 0.898984 0.901817 0.904638 0.907448 0.910249 0.913041 0.915824 0.918599 0.921360 0.924100 0.926820 0.929521 0.932203 0.934868 0.937514 0.940145 0.942759 0.945357 0.947942 0.950512 0.953069 0.955613 0.958145 0.960666 0.963176 0.965676 0.968166 0.970649 0.973123 0.975589 0.978049 0.980504 0.982952 0.985396 0.987836 0.990273 0.992707 0.995139 0.997570 1.000000))
(time 0)
(channel green)
(curve
    (curve-type smooth)
    (n-points 17)
    (points 34 0.000000 0.039216 -1.000000 -1.000000 0.121569 0.137287 -1.000000 -1.000000 0.247059 0.287181 -1.000000 -1.000000 0.372549 0.432968 -1.000000 -1.000000 0.498039 0.572484 -1.000000 -1.000000 0.623529 0.698476 -1.000000 -1.000000 0.749020 0.825490 -1.000000 -1.000000 0.874510 0.920394 -1.000000 -1.000000 1.000000 1.000000)
    (n-samples 256)
    (samples 256 0.039216 0.041994 0.044774 0.047559 0.050351 0.053153 0.055967 0.058796 0.061641 0.064506 0.067392 0.070302 0.073239 0.076205 0.079202 0.082233 0.085300 0.088406 0.091553 0.094743 0.097979 0.101263 0.104598 0.107985 0.111429 0.114930 0.118491 0.122115 0.125805 0.129561 0.133388 0.137287 0.141271 0.145348 0.149512 0.153760 0.158087 0.162487 0.166956 0.171490 0.176083 0.180730 0.185428 0.190170 0.194953 0.199772 0.204622 0.209498 0.214395 0.219309 0.224234 0.229167 0.234102 0.239035 0.243960 0.248874 0.253771 0.258646 0.263495 0.268313 0.273096 0.277838 0.282534 0.287181 0.291800 0.296417 0.301032 0.305644 0.310253 0.314860 0.319463 0.324064 0.328660 0.333253 0.337842 0.342428 0.347008 0.351585 0.356156 0.360723 0.365285 0.369841 0.374392 0.378938 0.383477 0.388011 0.392538 0.397058 0.401572 0.406080 0.410580 0.415073 0.419558 0.424036 0.428506 0.432968 0.437426 0.441885 0.446343 0.450800 0.455255 0.459709 0.464159 0.468605 0.473047 0.477484 0.481915 0.486340 0.490758 0.495168 0.499570 0.503963 0.508346 0.512719 0.517081 0.521432 0.525770 0.530095 0.534406 0.538703 0.542985 0.547251 0.551501 0.555735 0.559950 0.564147 0.568325 0.572484 0.576619 0.580728 0.584812 0.588873 0.592912 0.596930 0.600928 0.604909 0.608873 0.612821 0.616755 0.620677 0.624587 0.628487 0.632378 0.636261 0.640139 0.644012 0.647881 0.651748 0.655615 0.659482 0.663351 0.667223 0.671100 0.674982 0.678872 0.682771 0.686679 0.690598 0.694530 0.698476 0.702445 0.706445 0.710472 0.714523 0.718596 0.722686 0.726792 0.730910 0.735037 0.739170 0.743306 0.747442 0.751576 0.755702 0.759820 0.763926 0.768017 0.772089 0.776140 0.780167 0.784166 0.788135 0.792071 0.795970 0.799830 0.803648 0.807419 0.811143 0.814815 0.818432 0.821991 0.825490 0.828934 0.832331 0.835684 0.838994 0.842262 0.845490 0.848680 0.851832 0.854949 0.858032 0.861083 0.864103 0.867094 0.870056 0.872993 0.875905 0.878794 0.881661 0.884508 0.887337 0.890148 0.892944 0.895726 0.898496 0.901255 0.904005 0.906747 0.909483 0.912214 0.914941 0.917668 0.920394 0.923110 0.925804 0.928476 0.931129 0.933762 0.936376 0.938972 0.941550 0.944112 0.946657 0.949187 0.951703 0.954204 0.956692 0.959168 0.961631 0.964084 0.966525 0.968957 0.971380 0.973795 0.976202 0.978601 0.980995 0.983383 0.985766 0.988145 0.990520 0.992892 0.995263 0.997632 1.000000))
(time 0)
(channel blue)
(curve
    (curve-type smooth)
    (n-points 17)
    (points 34 0.000000 0.005744 -1.000000 -1.000000 0.121569 0.135120 -1.000000 -1.000000 0.247059 0.287459 -1.000000 -1.000000 0.372549 0.429606 -1.000000 -1.000000 0.498039 0.575840 -1.000000 -1.000000 0.623529 0.697813 -1.000000 -1.000000 0.749020 0.823317 -1.000000 -1.000000 0.874510 0.918301 -1.000000 -1.000000 1.000000 1.000000)
    (n-samples 256)
    (samples 256 0.005744 0.009768 0.013794 0.017821 0.021851 0.025885 0.029923 0.033967 0.038018 0.042076 0.046142 0.050218 0.054304 0.058401 0.062510 0.066632 0.070768 0.074919 0.079086 0.083270 0.087471 0.091691 0.095931 0.100191 0.104472 0.108776 0.113103 0.117454 0.121831 0.126233 0.130663 0.135120 0.139614 0.144152 0.148730 0.153347 0.157999 0.162685 0.167400 0.172143 0.176912 0.181702 0.186513 0.191341 0.196183 0.201037 0.205901 0.210771 0.215645 0.220521 0.225395 0.230266 0.235130 0.239985 0.244828 0.249657 0.254470 0.259262 0.264032 0.268778 0.273496 0.278184 0.282839 0.287459 0.292049 0.296616 0.301161 0.305687 0.310194 0.314684 0.319158 0.323617 0.328062 0.332495 0.336918 0.341331 0.345736 0.350134 0.354526 0.358914 0.363299 0.367682 0.372065 0.376449 0.380836 0.385225 0.389620 0.394021 0.398429 0.402846 0.407273 0.411712 0.416163 0.420628 0.425109 0.429606 0.434127 0.438678 0.443255 0.447856 0.452478 0.457118 0.461775 0.466446 0.471127 0.475817 0.480512 0.485211 0.489910 0.494607 0.499299 0.503984 0.508659 0.513322 0.517970 0.522600 0.527209 0.531796 0.536358 0.540892 0.545395 0.549864 0.554298 0.558694 0.563048 0.567359 0.571624 0.575840 0.580006 0.584123 0.588195 0.592223 0.596211 0.600161 0.604075 0.607956 0.611807 0.615630 0.619427 0.623202 0.626956 0.630692 0.634414 0.638122 0.641821 0.645511 0.649197 0.652881 0.656564 0.660250 0.663941 0.667640 0.671349 0.675071 0.678808 0.682563 0.686339 0.690137 0.693961 0.697813 0.701698 0.705616 0.709565 0.713541 0.717541 0.721562 0.725602 0.729656 0.733722 0.737797 0.741877 0.745960 0.750042 0.754120 0.758191 0.762252 0.766300 0.770331 0.774344 0.778333 0.782297 0.786232 0.790136 0.794004 0.797834 0.801623 0.805368 0.809065 0.812712 0.816305 0.819841 0.823317 0.826739 0.830116 0.833450 0.836741 0.839993 0.843205 0.846381 0.849520 0.852626 0.855699 0.858742 0.861755 0.864741 0.867700 0.870635 0.873547 0.876437 0.879308 0.882160 0.884996 0.887817 0.890624 0.893419 0.896204 0.898981 0.901750 0.904513 0.907272 0.910029 0.912785 0.915542 0.918301 0.921052 0.923784 0.926498 0.929194 0.931874 0.934537 0.937184 0.939816 0.942433 0.945036 0.947626 0.950203 0.952768 0.955321 0.957864 0.960396 0.962918 0.965432 0.967936 0.970433 0.972923 0.975406 0.977882 0.980354 0.982820 0.985282 0.987741 0.990196 0.992649 0.995101 0.997551 1.000000))
(time 0)
(channel alpha)
(curve
    (curve-type free)
    (n-points 17)
    (points 34 -1.000000 -1.000000 -1.000000 -1.000000 -1.000000 -1.000000 -1.000000 -1.000000 -1.000000 -1.000000 -1.000000 -1.000000 -1.000000 -1.000000 -1.000000 -1.000000 -1.000000 -1.000000 -1.000000 -1.000000 -1.000000 -1.000000 -1.000000 -1.000000 -1.000000 -1.000000 -1.000000 -1.000000 -1.000000 -1.000000 -1.000000 -1.000000 -1.000000 -1.000000)
    (n-samples 256)
    (samples 256 0.000000 0.003922 0.007843 0.011765 0.015686 0.019608 0.023529 0.027451 0.031373 0.035294 0.039216 0.043137 0.047059 0.050980 0.054902 0.058824 0.062745 0.066667 0.070588 0.074510 0.078431 0.082353 0.086275 0.090196 0.094118 0.098039 0.101961 0.105882 0.109804 0.113725 0.117647 0.121569 0.125490 0.129412 0.133333 0.137255 0.141176 0.145098 0.149020 0.152941 0.156863 0.160784 0.164706 0.168627 0.172549 0.176471 0.180392 0.184314 0.188235 0.192157 0.196078 0.200000 0.203922 0.207843 0.211765 0.215686 0.219608 0.223529 0.227451 0.231373 0.235294 0.239216 0.243137 0.247059 0.250980 0.254902 0.258824 0.262745 0.266667 0.270588 0.274510 0.278431 0.282353 0.286275 0.290196 0.294118 0.298039 0.301961 0.305882 0.309804 0.313725 0.317647 0.321569 0.325490 0.329412 0.333333 0.337255 0.341176 0.345098 0.349020 0.352941 0.356863 0.360784 0.364706 0.368627 0.372549 0.376471 0.380392 0.384314 0.388235 0.392157 0.396078 0.400000 0.403922 0.407843 0.411765 0.415686 0.419608 0.423529 0.427451 0.431373 0.435294 0.439216 0.443137 0.447059 0.450980 0.454902 0.458824 0.462745 0.466667 0.470588 0.474510 0.478431 0.482353 0.486275 0.490196 0.494118 0.498039 0.501961 0.505882 0.509804 0.513725 0.517647 0.521569 0.525490 0.529412 0.533333 0.537255 0.541176 0.545098 0.549020 0.552941 0.556863 0.560784 0.564706 0.568627 0.572549 0.576471 0.580392 0.584314 0.588235 0.592157 0.596078 0.600000 0.603922 0.607843 0.611765 0.615686 0.619608 0.623529 0.627451 0.631373 0.635294 0.639216 0.643137 0.647059 0.650980 0.654902 0.658824 0.662745 0.666667 0.670588 0.674510 0.678431 0.682353 0.686275 0.690196 0.694118 0.698039 0.701961 0.705882 0.709804 0.713725 0.717647 0.721569 0.725490 0.729412 0.733333 0.737255 0.741176 0.745098 0.749020 0.752941 0.756863 0.760784 0.764706 0.768627 0.772549 0.776471 0.780392 0.784314 0.788235 0.792157 0.796078 0.800000 0.803922 0.807843 0.811765 0.815686 0.819608 0.823529 0.827451 0.831373 0.835294 0.839216 0.843137 0.847059 0.850980 0.854902 0.858824 0.862745 0.866667 0.870588 0.874510 0.878431 0.882353 0.886275 0.890196 0.894118 0.898039 0.901961 0.905882 0.909804 0.913725 0.917647 0.921569 0.925490 0.929412 0.933333 0.937255 0.941176 0.945098 0.949020 0.952941 0.956863 0.960784 0.964706 0.968627 0.972549 0.976471 0.980392 0.984314 0.988235 0.992157 0.996078 1.000000))

# end of curves tool settings
