# GIMP curves tool settings

(time 0)
(time 0)
(channel value)
(curve
    (curve-type smooth)
    (n-points 17)
    (points 34 0.000000 0.000000 -1.000000 -1.000000 0.121569 0.121569 -1.000000 -1.000000 0.247059 0.247059 -1.000000 -1.000000 0.372549 0.372549 -1.000000 -1.000000 0.498039 0.498039 -1.000000 -1.000000 0.623529 0.623529 -1.000000 -1.000000 0.749020 0.749020 -1.000000 -1.000000 0.874510 0.874510 -1.000000 -1.000000 1.000000 1.000000)
    (n-samples 256)
    (samples 256 0.000000 0.003922 0.007843 0.011765 0.015686 0.019608 0.023530 0.027451 0.031373 0.035294 0.039216 0.043137 0.047059 0.050981 0.054902 0.058824 0.062745 0.066667 0.070589 0.074510 0.078432 0.082353 0.086275 0.090196 0.094118 0.098040 0.101961 0.105883 0.109804 0.113726 0.117647 0.121569 0.125491 0.129412 0.133334 0.137255 0.141177 0.145098 0.149020 0.152942 0.156863 0.160785 0.164706 0.168628 0.172549 0.176471 0.180392 0.184314 0.188236 0.192157 0.196079 0.200000 0.203922 0.207843 0.211765 0.215687 0.219608 0.223530 0.227451 0.231373 0.235294 0.239216 0.243137 0.247059 0.250981 0.254902 0.258824 0.262745 0.266667 0.270588 0.274510 0.278431 0.282353 0.286275 0.290196 0.294118 0.298039 0.301961 0.305882 0.309804 0.313726 0.317647 0.321569 0.325490 0.329412 0.333333 0.337255 0.341177 0.345098 0.349020 0.352941 0.356863 0.360784 0.364706 0.368627 0.372549 0.376471 0.380392 0.384314 0.388235 0.392157 0.396078 0.400000 0.403921 0.407843 0.411765 0.415686 0.419608 0.423529 0.427451 0.431372 0.435294 0.439216 0.443137 0.447059 0.450980 0.454902 0.458823 0.462745 0.466667 0.470588 0.474510 0.478431 0.482353 0.486274 0.490196 0.494117 0.498039 0.501961 0.505882 0.509804 0.513725 0.517647 0.521568 0.525490 0.529411 0.533333 0.537255 0.541176 0.545098 0.549019 0.552941 0.556862 0.560784 0.564705 0.568627 0.572549 0.576470 0.580392 0.584313 0.588235 0.592156 0.596078 0.600000 0.603921 0.607843 0.611764 0.615686 0.619607 0.623529 0.627451 0.631372 0.635294 0.639215 0.643137 0.647059 0.650980 0.654902 0.658823 0.662745 0.666666 0.670588 0.674510 0.678431 0.682353 0.686274 0.690196 0.694118 0.698039 0.701961 0.705883 0.709804 0.713726 0.717647 0.721569 0.725490 0.729412 0.733334 0.737255 0.741177 0.745098 0.749020 0.752942 0.756863 0.760785 0.764706 0.768628 0.772549 0.776471 0.780393 0.784314 0.788236 0.792157 0.796079 0.800000 0.803922 0.807844 0.811765 0.815687 0.819608 0.823530 0.827451 0.831373 0.835294 0.839216 0.843138 0.847059 0.850981 0.854902 0.858824 0.862745 0.866667 0.870588 0.874510 0.878432 0.882353 0.886275 0.890196 0.894118 0.898039 0.901961 0.905883 0.909804 0.913726 0.917647 0.921569 0.925490 0.929412 0.933333 0.937255 0.941177 0.945098 0.949020 0.952941 0.956863 0.960784 0.964706 0.968627 0.972549 0.976471 0.980392 0.984314 0.988235 0.992157 0.996078 1.000000))
(time 0)
(channel red)
(curve
    (curve-type smooth)
    (n-points 17)
    (points 34 0.000000 0.003922 -1.000000 -1.000000 0.121569 0.039216 -1.000000 -1.000000 0.247059 0.105882 -1.000000 -1.000000 0.372549 0.235294 -1.000000 -1.000000 0.498039 0.537255 -1.000000 -1.000000 0.623529 0.768627 -1.000000 -1.000000 0.749020 0.858824 -1.000000 -1.000000 0.874510 0.929412 -1.000000 -1.000000 1.000000 1.000000)
    (n-samples 256)
    (samples 256 0.003922 0.004821 0.005721 0.006624 0.007532 0.008446 0.009367 0.010298 0.011238 0.012191 0.013157 0.014139 0.015136 0.016152 0.017187 0.018243 0.019322 0.020424 0.021552 0.022707 0.023891 0.025104 0.026349 0.027627 0.028939 0.030288 0.031673 0.033098 0.034563 0.036070 0.037621 0.039216 0.040833 0.042451 0.044071 0.045697 0.047331 0.048978 0.050640 0.052320 0.054021 0.055745 0.057497 0.059279 0.061094 0.062945 0.064835 0.066768 0.068745 0.070771 0.072848 0.074979 0.077167 0.079416 0.081728 0.084106 0.086554 0.089074 0.091669 0.094343 0.097098 0.099938 0.102865 0.105882 0.108924 0.111931 0.114912 0.117876 0.120836 0.123799 0.126777 0.129779 0.132816 0.135897 0.139033 0.142233 0.145508 0.148868 0.152323 0.155882 0.159556 0.163356 0.167290 0.171369 0.175604 0.180003 0.184578 0.189338 0.194293 0.199454 0.204830 0.210432 0.216269 0.222352 0.228690 0.235294 0.242233 0.249557 0.257241 0.265265 0.273606 0.282241 0.291149 0.300306 0.309692 0.319283 0.329058 0.338994 0.349068 0.359259 0.369545 0.379902 0.390309 0.400744 0.411184 0.421607 0.431991 0.442313 0.452551 0.462684 0.472688 0.482542 0.492222 0.501708 0.510977 0.520005 0.528772 0.537255 0.545587 0.553913 0.562226 0.570519 0.578787 0.587022 0.595219 0.603370 0.611470 0.619511 0.627488 0.635394 0.643222 0.650966 0.658620 0.666176 0.673630 0.680973 0.688200 0.695305 0.702280 0.709119 0.715816 0.722365 0.728758 0.734990 0.741054 0.746943 0.752652 0.758173 0.763500 0.768627 0.773525 0.778178 0.782596 0.786791 0.790774 0.794556 0.798149 0.801562 0.804808 0.807898 0.810842 0.813653 0.816340 0.818915 0.821390 0.823775 0.826081 0.828320 0.830503 0.832640 0.834744 0.836825 0.838894 0.840962 0.843041 0.845142 0.847275 0.849453 0.851685 0.853984 0.856360 0.858824 0.861317 0.863774 0.866197 0.868586 0.870944 0.873273 0.875574 0.877850 0.880101 0.882331 0.884540 0.886731 0.888905 0.891063 0.893209 0.895344 0.897468 0.899585 0.901696 0.903803 0.905908 0.908012 0.910117 0.912225 0.914337 0.916457 0.918585 0.920723 0.922872 0.925036 0.927215 0.929412 0.931618 0.933824 0.936030 0.938236 0.940441 0.942647 0.944853 0.947059 0.949265 0.951471 0.953677 0.955882 0.958088 0.960294 0.962500 0.964706 0.966912 0.969118 0.971324 0.973529 0.975735 0.977941 0.980147 0.982353 0.984559 0.986765 0.988971 0.991177 0.993382 0.995588 0.997794 1.000000))
(time 0)
(channel green)
(curve
    (curve-type smooth)
    (n-points 17)
    (points 34 0.000000 0.003922 -1.000000 -1.000000 0.121569 0.027451 -1.000000 -1.000000 0.247059 0.117647 -1.000000 -1.000000 0.372549 0.286275 -1.000000 -1.000000 0.498039 0.576471 -1.000000 -1.000000 0.623529 0.780392 -1.000000 -1.000000 0.749020 0.890196 -1.000000 -1.000000 0.874510 0.952941 -1.000000 -1.000000 1.000000 1.000000)
    (n-samples 256)
    (samples 256 0.003922 0.004158 0.004398 0.004644 0.004901 0.005170 0.005455 0.005760 0.006088 0.006442 0.006826 0.007242 0.007694 0.008185 0.008718 0.009298 0.009926 0.010607 0.011343 0.012138 0.012995 0.013917 0.014908 0.015971 0.017109 0.018325 0.019623 0.021005 0.022476 0.024039 0.025696 0.027451 0.029281 0.031163 0.033097 0.035086 0.037129 0.039228 0.041385 0.043601 0.045877 0.048214 0.050614 0.053077 0.055606 0.058200 0.060862 0.063593 0.066394 0.069266 0.072210 0.075229 0.078322 0.081491 0.084738 0.088063 0.091468 0.094955 0.098524 0.102176 0.105913 0.109737 0.113648 0.117647 0.121709 0.125809 0.129952 0.134141 0.138381 0.142674 0.147026 0.151440 0.155920 0.160470 0.165094 0.169796 0.174579 0.179449 0.184408 0.189461 0.194612 0.199864 0.205222 0.210689 0.216270 0.221968 0.227787 0.233732 0.239806 0.246013 0.252358 0.258843 0.265474 0.272253 0.279186 0.286275 0.293602 0.301231 0.309144 0.317322 0.325745 0.334395 0.343252 0.352298 0.361514 0.370879 0.380376 0.389986 0.399689 0.409466 0.419298 0.429167 0.439053 0.448937 0.458801 0.468624 0.478389 0.488075 0.497665 0.507139 0.516478 0.525663 0.534674 0.543494 0.552102 0.560481 0.568610 0.576471 0.584153 0.591758 0.599285 0.606733 0.614101 0.621390 0.628597 0.635723 0.642767 0.649727 0.656604 0.663396 0.670103 0.676724 0.683259 0.689706 0.696065 0.702335 0.708516 0.714606 0.720606 0.726514 0.732329 0.738051 0.743680 0.749214 0.754653 0.759995 0.765241 0.770390 0.775440 0.780392 0.785226 0.789926 0.794497 0.798943 0.803268 0.807477 0.811574 0.815564 0.819449 0.823236 0.826928 0.830530 0.834045 0.837479 0.840835 0.844117 0.847331 0.850480 0.853569 0.856602 0.859583 0.862517 0.865408 0.868260 0.871077 0.873864 0.876626 0.879366 0.882088 0.884798 0.887499 0.890196 0.892854 0.895439 0.897952 0.900398 0.902779 0.905097 0.907356 0.909559 0.911708 0.913806 0.915856 0.917861 0.919825 0.921748 0.923636 0.925490 0.927313 0.929109 0.930880 0.932629 0.934358 0.936071 0.937771 0.939461 0.941142 0.942819 0.944494 0.946170 0.947850 0.949536 0.951232 0.952941 0.954645 0.956327 0.957988 0.959628 0.961247 0.962847 0.964429 0.965992 0.967539 0.969069 0.970583 0.972082 0.973566 0.975037 0.976495 0.977941 0.979375 0.980799 0.982212 0.983617 0.985012 0.986400 0.987780 0.989154 0.990523 0.991886 0.993245 0.994600 0.995953 0.997303 0.998652 1.000000))
(time 0)
(channel blue)
(curve
    (curve-type smooth)
    (n-points 17)
    (points 34 0.000000 0.003922 -1.000000 -1.000000 0.121569 0.050980 -1.000000 -1.000000 0.247059 0.133333 -1.000000 -1.000000 0.372549 0.294118 -1.000000 -1.000000 0.498039 0.568627 -1.000000 -1.000000 0.623529 0.772549 -1.000000 -1.000000 0.749020 0.874510 -1.000000 -1.000000 0.874510 0.941176 -1.000000 -1.000000 1.000000 1.000000)
    (n-samples 256)
    (samples 256 0.003922 0.005172 0.006424 0.007679 0.008940 0.010207 0.011482 0.012767 0.014064 0.015375 0.016700 0.018042 0.019403 0.020784 0.022186 0.023612 0.025063 0.026541 0.028048 0.029584 0.031152 0.032754 0.034391 0.036064 0.037776 0.039529 0.041323 0.043161 0.045044 0.046973 0.048952 0.050980 0.053029 0.055070 0.057109 0.059147 0.061191 0.063244 0.065310 0.067393 0.069497 0.071627 0.073787 0.075981 0.078213 0.080486 0.082807 0.085177 0.087602 0.090086 0.092632 0.095245 0.097930 0.100689 0.103528 0.106451 0.109461 0.112563 0.115761 0.119059 0.122461 0.125971 0.129594 0.133333 0.137154 0.141020 0.144934 0.148901 0.152922 0.157002 0.161143 0.165349 0.169623 0.173968 0.178388 0.182885 0.187463 0.192126 0.196875 0.201716 0.206650 0.211681 0.216813 0.222048 0.227389 0.232841 0.238406 0.244087 0.249888 0.255812 0.261862 0.268042 0.274354 0.280802 0.287389 0.294118 0.301062 0.308281 0.315756 0.323472 0.331412 0.339558 0.347894 0.356403 0.365069 0.373873 0.382799 0.391831 0.400952 0.410144 0.419391 0.428676 0.437983 0.447293 0.456590 0.465858 0.475080 0.484238 0.493316 0.502297 0.511165 0.519901 0.528490 0.536914 0.545156 0.553201 0.561030 0.568627 0.576083 0.583498 0.590868 0.598192 0.605466 0.612687 0.619853 0.626960 0.634006 0.640988 0.647903 0.654748 0.661521 0.668217 0.674835 0.681372 0.687825 0.694190 0.700466 0.706648 0.712735 0.718723 0.724610 0.730392 0.736067 0.741632 0.747084 0.752420 0.757638 0.762734 0.767705 0.772549 0.777247 0.781787 0.786174 0.790414 0.794515 0.798481 0.802319 0.806036 0.809636 0.813127 0.816514 0.819803 0.823001 0.826114 0.829148 0.832108 0.835001 0.837834 0.840611 0.843340 0.846027 0.848677 0.851296 0.853891 0.856468 0.859033 0.861592 0.864151 0.866716 0.869294 0.871890 0.874510 0.877115 0.879660 0.882150 0.884586 0.886970 0.889306 0.891596 0.893842 0.896047 0.898213 0.900343 0.902439 0.904505 0.906541 0.908552 0.910539 0.912505 0.914452 0.916384 0.918302 0.920209 0.922107 0.923999 0.925888 0.927776 0.929666 0.931559 0.933459 0.935369 0.937289 0.939224 0.941176 0.943131 0.945075 0.947008 0.948931 0.950844 0.952747 0.954641 0.956525 0.958401 0.960269 0.962129 0.963982 0.965827 0.967665 0.969497 0.971323 0.973143 0.974958 0.976768 0.978573 0.980374 0.982170 0.983964 0.985753 0.987541 0.989325 0.991108 0.992888 0.994667 0.996446 0.998223 1.000000))
(time 0)
(channel alpha)
(curve
    (curve-type free)
    (n-points 17)
    (points 34 -1.000000 -1.000000 -1.000000 -1.000000 -1.000000 -1.000000 -1.000000 -1.000000 -1.000000 -1.000000 -1.000000 -1.000000 -1.000000 -1.000000 -1.000000 -1.000000 -1.000000 -1.000000 -1.000000 -1.000000 -1.000000 -1.000000 -1.000000 -1.000000 -1.000000 -1.000000 -1.000000 -1.000000 -1.000000 -1.000000 -1.000000 -1.000000 -1.000000 -1.000000)
    (n-samples 256)
    (samples 256 0.000000 0.003922 0.007843 0.011765 0.015686 0.019608 0.023529 0.027451 0.031373 0.035294 0.039216 0.043137 0.047059 0.050980 0.054902 0.058824 0.062745 0.066667 0.070588 0.074510 0.078431 0.082353 0.086275 0.090196 0.094118 0.098039 0.101961 0.105882 0.109804 0.113725 0.117647 0.121569 0.125490 0.129412 0.133333 0.137255 0.141176 0.145098 0.149020 0.152941 0.156863 0.160784 0.164706 0.168627 0.172549 0.176471 0.180392 0.184314 0.188235 0.192157 0.196078 0.200000 0.203922 0.207843 0.211765 0.215686 0.219608 0.223529 0.227451 0.231373 0.235294 0.239216 0.243137 0.247059 0.250980 0.254902 0.258824 0.262745 0.266667 0.270588 0.274510 0.278431 0.282353 0.286275 0.290196 0.294118 0.298039 0.301961 0.305882 0.309804 0.313725 0.317647 0.321569 0.325490 0.329412 0.333333 0.337255 0.341176 0.345098 0.349020 0.352941 0.356863 0.360784 0.364706 0.368627 0.372549 0.376471 0.380392 0.384314 0.388235 0.392157 0.396078 0.400000 0.403922 0.407843 0.411765 0.415686 0.419608 0.423529 0.427451 0.431373 0.435294 0.439216 0.443137 0.447059 0.450980 0.454902 0.458824 0.462745 0.466667 0.470588 0.474510 0.478431 0.482353 0.486275 0.490196 0.494118 0.498039 0.501961 0.505882 0.509804 0.513725 0.517647 0.521569 0.525490 0.529412 0.533333 0.537255 0.541176 0.545098 0.549020 0.552941 0.556863 0.560784 0.564706 0.568627 0.572549 0.576471 0.580392 0.584314 0.588235 0.592157 0.596078 0.600000 0.603922 0.607843 0.611765 0.615686 0.619608 0.623529 0.627451 0.631373 0.635294 0.639216 0.643137 0.647059 0.650980 0.654902 0.658824 0.662745 0.666667 0.670588 0.674510 0.678431 0.682353 0.686275 0.690196 0.694118 0.698039 0.701961 0.705882 0.709804 0.713725 0.717647 0.721569 0.725490 0.729412 0.733333 0.737255 0.741176 0.745098 0.749020 0.752941 0.756863 0.760784 0.764706 0.768627 0.772549 0.776471 0.780392 0.784314 0.788235 0.792157 0.796078 0.800000 0.803922 0.807843 0.811765 0.815686 0.819608 0.823529 0.827451 0.831373 0.835294 0.839216 0.843137 0.847059 0.850980 0.854902 0.858824 0.862745 0.866667 0.870588 0.874510 0.878431 0.882353 0.886275 0.890196 0.894118 0.898039 0.901961 0.905882 0.909804 0.913725 0.917647 0.921569 0.925490 0.929412 0.933333 0.937255 0.941176 0.945098 0.949020 0.952941 0.956863 0.960784 0.964706 0.968627 0.972549 0.976471 0.980392 0.984314 0.988235 0.992157 0.996078 1.000000))

# end of curves tool settings
