# GIMP curves tool settings

(time 0)
(time 0)
(channel value)
(curve
    (curve-type smooth)
    (n-points 17)
    (points 34 0.000000 0.000000 -1.000000 -1.000000 -1.000000 -1.000000 -1.000000 -1.000000 -1.000000 -1.000000 -1.000000 -1.000000 -1.000000 -1.000000 -1.000000 -1.000000 -1.000000 -1.000000 -1.000000 -1.000000 -1.000000 -1.000000 -1.000000 -1.000000 -1.000000 -1.000000 -1.000000 -1.000000 -1.000000 -1.000000 -1.000000 -1.000000 1.000000 1.000000)
    (n-samples 256)
    (samples 256 0.000000 0.003922 0.007843 0.011765 0.015686 0.019608 0.023529 0.027451 0.031373 0.035294 0.039216 0.043137 0.047059 0.050980 0.054902 0.058824 0.062745 0.066667 0.070588 0.074510 0.078431 0.082353 0.086275 0.090196 0.094118 0.098039 0.101961 0.105882 0.109804 0.113725 0.117647 0.121569 0.125490 0.129412 0.133333 0.137255 0.141176 0.145098 0.149020 0.152941 0.156863 0.160784 0.164706 0.168627 0.172549 0.176471 0.180392 0.184314 0.188235 0.192157 0.196078 0.200000 0.203922 0.207843 0.211765 0.215686 0.219608 0.223529 0.227451 0.231373 0.235294 0.239216 0.243137 0.247059 0.250980 0.254902 0.258824 0.262745 0.266667 0.270588 0.274510 0.278431 0.282353 0.286275 0.290196 0.294118 0.298039 0.301961 0.305882 0.309804 0.313725 0.317647 0.321569 0.325490 0.329412 0.333333 0.337255 0.341176 0.345098 0.349020 0.352941 0.356863 0.360784 0.364706 0.368627 0.372549 0.376471 0.380392 0.384314 0.388235 0.392157 0.396078 0.400000 0.403922 0.407843 0.411765 0.415686 0.419608 0.423529 0.427451 0.431373 0.435294 0.439216 0.443137 0.447059 0.450980 0.454902 0.458824 0.462745 0.466667 0.470588 0.474510 0.478431 0.482353 0.486275 0.490196 0.494118 0.498039 0.501961 0.505882 0.509804 0.513725 0.517647 0.521569 0.525490 0.529412 0.533333 0.537255 0.541176 0.545098 0.549020 0.552941 0.556863 0.560784 0.564706 0.568627 0.572549 0.576471 0.580392 0.584314 0.588235 0.592157 0.596078 0.600000 0.603922 0.607843 0.611765 0.615686 0.619608 0.623529 0.627451 0.631373 0.635294 0.639216 0.643137 0.647059 0.650980 0.654902 0.658824 0.662745 0.666667 0.670588 0.674510 0.678431 0.682353 0.686275 0.690196 0.694118 0.698039 0.701961 0.705882 0.709804 0.713725 0.717647 0.721569 0.725490 0.729412 0.733333 0.737255 0.741176 0.745098 0.749020 0.752941 0.756863 0.760784 0.764706 0.768627 0.772549 0.776471 0.780392 0.784314 0.788235 0.792157 0.796078 0.800000 0.803922 0.807843 0.811765 0.815686 0.819608 0.823529 0.827451 0.831373 0.835294 0.839216 0.843137 0.847059 0.850980 0.854902 0.858824 0.862745 0.866667 0.870588 0.874510 0.878431 0.882353 0.886275 0.890196 0.894118 0.898039 0.901961 0.905882 0.909804 0.913725 0.917647 0.921569 0.925490 0.929412 0.933333 0.937255 0.941176 0.945098 0.949020 0.952941 0.956863 0.960784 0.964706 0.968627 0.972549 0.976471 0.980392 0.984314 0.988235 0.992157 0.996078 1.000000))
(time 0)
(channel red)
(curve
    (curve-type smooth)
    (n-points 17)
    (points 34 0.000000 0.082031 -1.000000 -1.000000 -1.000000 -1.000000 -1.000000 -1.000000 -1.000000 -1.000000 -1.000000 -1.000000 0.405488 0.621094 -1.000000 -1.000000 -1.000000 -1.000000 -1.000000 -1.000000 -1.000000 -1.000000 -1.000000 -1.000000 -1.000000 -1.000000 -1.000000 -1.000000 -1.000000 -1.000000 0.954268 1.000000 -1.000000 -1.000000)
    (n-samples 256)
    (samples 256 0.082031 0.087965 0.093898 0.099831 0.105762 0.111692 0.117620 0.123545 0.129468 0.135387 0.141303 0.147214 0.153121 0.159024 0.164921 0.170812 0.176697 0.182576 0.188448 0.194313 0.200170 0.206019 0.211859 0.217691 0.223513 0.229326 0.235128 0.240920 0.246701 0.252471 0.258229 0.263974 0.269708 0.275428 0.281135 0.286828 0.292507 0.298172 0.303822 0.309456 0.315074 0.320677 0.326262 0.331831 0.337382 0.342916 0.348431 0.353928 0.359406 0.364864 0.370302 0.375721 0.381118 0.386495 0.391850 0.397184 0.402495 0.407783 0.413049 0.418291 0.423509 0.428703 0.433872 0.439016 0.444135 0.449228 0.454294 0.459334 0.464347 0.469332 0.474289 0.479218 0.484119 0.488990 0.493832 0.498644 0.503425 0.508176 0.512895 0.517583 0.522239 0.526863 0.531454 0.536012 0.540536 0.545027 0.549483 0.553904 0.558290 0.562640 0.566955 0.571233 0.575474 0.579678 0.583845 0.587973 0.592063 0.596114 0.600126 0.604099 0.608031 0.611923 0.615774 0.621094 0.624855 0.628593 0.632309 0.636002 0.639674 0.643323 0.646951 0.650556 0.654141 0.657704 0.661245 0.664766 0.668266 0.671745 0.675204 0.678642 0.682060 0.685458 0.688836 0.692194 0.695533 0.698852 0.702152 0.705433 0.708695 0.711939 0.715164 0.718370 0.721558 0.724728 0.727880 0.731014 0.734131 0.737230 0.740312 0.743377 0.746425 0.749456 0.752471 0.755469 0.758451 0.761416 0.764366 0.767300 0.770218 0.773120 0.776008 0.778880 0.781737 0.784579 0.787407 0.790220 0.793019 0.795804 0.798574 0.801331 0.804074 0.806804 0.809520 0.812223 0.814913 0.817590 0.820254 0.822906 0.825546 0.828173 0.830788 0.833391 0.835983 0.838563 0.841131 0.843689 0.846235 0.848770 0.851295 0.853809 0.856312 0.858805 0.861289 0.863762 0.866225 0.868679 0.871123 0.873558 0.875984 0.878401 0.880810 0.883209 0.885600 0.887983 0.890358 0.892724 0.895083 0.897434 0.899778 0.902114 0.904443 0.906766 0.909081 0.911390 0.913692 0.915988 0.918277 0.920561 0.922838 0.925110 0.927377 0.929638 0.931894 0.934145 0.936391 0.938632 0.940869 0.943101 0.945329 0.947553 0.949773 0.951990 0.954202 0.956412 0.958618 0.960821 0.963021 0.965218 0.967413 0.969605 0.971795 0.973983 0.976169 0.978353 0.980536 0.982717 0.984897 0.987075 0.989253 0.991430 0.993606 0.995782 0.997957 1.000000 1.000000 1.000000 1.000000 1.000000 1.000000 1.000000 1.000000 1.000000 1.000000 1.000000 1.000000 1.000000))
(time 0)
(channel green)
(curve
    (curve-type smooth)
    (n-points 17)
    (points 34 0.000000 0.000000 -1.000000 -1.000000 -1.000000 -1.000000 -1.000000 -1.000000 -1.000000 -1.000000 -1.000000 -1.000000 -1.000000 -1.000000 -1.000000 -1.000000 0.503049 0.636719 -1.000000 -1.000000 -1.000000 -1.000000 -1.000000 -1.000000 -1.000000 -1.000000 -1.000000 -1.000000 -1.000000 -1.000000 -1.000000 -1.000000 1.000000 1.000000)
    (n-samples 256)
    (samples 256 0.000000 0.005485 0.010969 0.016453 0.021936 0.027419 0.032901 0.038382 0.043861 0.049339 0.054815 0.060289 0.065761 0.071231 0.076698 0.082163 0.087624 0.093083 0.098539 0.103991 0.109439 0.114884 0.120325 0.125761 0.131193 0.136621 0.142044 0.147462 0.152874 0.158282 0.163684 0.169080 0.174470 0.179855 0.185233 0.190604 0.195969 0.201327 0.206678 0.212022 0.217359 0.222687 0.228008 0.233321 0.238626 0.243923 0.249211 0.254490 0.259760 0.265022 0.270273 0.275516 0.280748 0.285971 0.291184 0.296386 0.301578 0.306760 0.311930 0.317090 0.322238 0.327375 0.332501 0.337614 0.342716 0.347805 0.352882 0.357947 0.362999 0.368038 0.373063 0.378076 0.383075 0.388060 0.393032 0.397989 0.402932 0.407861 0.412775 0.417674 0.422559 0.427428 0.432281 0.437119 0.441942 0.446748 0.451538 0.456312 0.461070 0.465810 0.470534 0.475241 0.479930 0.484602 0.489256 0.493892 0.498511 0.503111 0.507692 0.512255 0.516799 0.521325 0.525831 0.530317 0.534784 0.539232 0.543659 0.548066 0.552453 0.556820 0.561165 0.565490 0.569794 0.574076 0.578337 0.582576 0.586794 0.590989 0.595162 0.599313 0.603441 0.607547 0.611629 0.615688 0.619724 0.623736 0.627725 0.631689 0.636719 0.640628 0.644512 0.648372 0.652207 0.656019 0.659806 0.663569 0.667309 0.671025 0.674719 0.678389 0.682036 0.685661 0.689264 0.692844 0.696402 0.699938 0.703453 0.706946 0.710419 0.713870 0.717300 0.720709 0.724099 0.727467 0.730816 0.734145 0.737455 0.740745 0.744015 0.747267 0.750500 0.753714 0.756909 0.760087 0.763246 0.766387 0.769511 0.772617 0.775706 0.778778 0.781833 0.784871 0.787893 0.790898 0.793888 0.796861 0.799819 0.802761 0.805688 0.808600 0.811497 0.814379 0.817246 0.820100 0.822939 0.825764 0.828575 0.831373 0.834158 0.836929 0.839688 0.842434 0.845167 0.847888 0.850596 0.853293 0.855978 0.858651 0.861313 0.863964 0.866604 0.869233 0.871851 0.874459 0.877057 0.879645 0.882223 0.884791 0.887351 0.889900 0.892441 0.894973 0.897497 0.900012 0.902518 0.905017 0.907508 0.909991 0.912467 0.914936 0.917397 0.919852 0.922300 0.924742 0.927177 0.929607 0.932030 0.934448 0.936860 0.939267 0.941669 0.944067 0.946459 0.948847 0.951231 0.953610 0.955986 0.958358 0.960727 0.963092 0.965454 0.967813 0.970170 0.972524 0.974876 0.977226 0.979573 0.981919 0.984264 0.986607 0.988949 0.991290 0.993630 0.995970 0.998310 1.000000))
(time 0)
(channel blue)
(curve
    (curve-type smooth)
    (n-points 17)
    (points 34 0.000000 0.000000 -1.000000 -1.000000 -1.000000 -1.000000 -1.000000 -1.000000 -1.000000 -1.000000 -1.000000 -1.000000 -1.000000 -1.000000 -1.000000 -1.000000 -1.000000 -1.000000 -1.000000 -1.000000 -1.000000 -1.000000 -1.000000 -1.000000 -1.000000 -1.000000 -1.000000 -1.000000 -1.000000 -1.000000 -1.000000 -1.000000 1.000000 1.000000)
    (n-samples 256)
    (samples 256 0.000000 0.003922 0.007843 0.011765 0.015686 0.019608 0.023529 0.027451 0.031373 0.035294 0.039216 0.043137 0.047059 0.050980 0.054902 0.058824 0.062745 0.066667 0.070588 0.074510 0.078431 0.082353 0.086275 0.090196 0.094118 0.098039 0.101961 0.105882 0.109804 0.113725 0.117647 0.121569 0.125490 0.129412 0.133333 0.137255 0.141176 0.145098 0.149020 0.152941 0.156863 0.160784 0.164706 0.168627 0.172549 0.176471 0.180392 0.184314 0.188235 0.192157 0.196078 0.200000 0.203922 0.207843 0.211765 0.215686 0.219608 0.223529 0.227451 0.231373 0.235294 0.239216 0.243137 0.247059 0.250980 0.254902 0.258824 0.262745 0.266667 0.270588 0.274510 0.278431 0.282353 0.286275 0.290196 0.294118 0.298039 0.301961 0.305882 0.309804 0.313725 0.317647 0.321569 0.325490 0.329412 0.333333 0.337255 0.341176 0.345098 0.349020 0.352941 0.356863 0.360784 0.364706 0.368627 0.372549 0.376471 0.380392 0.384314 0.388235 0.392157 0.396078 0.400000 0.403922 0.407843 0.411765 0.415686 0.419608 0.423529 0.427451 0.431373 0.435294 0.439216 0.443137 0.447059 0.450980 0.454902 0.458824 0.462745 0.466667 0.470588 0.474510 0.478431 0.482353 0.486275 0.490196 0.494118 0.498039 0.501961 0.505882 0.509804 0.513725 0.517647 0.521569 0.525490 0.529412 0.533333 0.537255 0.541176 0.545098 0.549020 0.552941 0.556863 0.560784 0.564706 0.568627 0.572549 0.576471 0.580392 0.584314 0.588235 0.592157 0.596078 0.600000 0.603922 0.607843 0.611765 0.615686 0.619608 0.623529 0.627451 0.631373 0.635294 0.639216 0.643137 0.647059 0.650980 0.654902 0.658824 0.662745 0.666667 0.670588 0.674510 0.678431 0.682353 0.686275 0.690196 0.694118 0.698039 0.701961 0.705882 0.709804 0.713725 0.717647 0.721569 0.725490 0.729412 0.733333 0.737255 0.741176 0.745098 0.749020 0.752941 0.756863 0.760784 0.764706 0.768627 0.772549 0.776471 0.780392 0.784314 0.788235 0.792157 0.796078 0.800000 0.803922 0.807843 0.811765 0.815686 0.819608 0.823529 0.827451 0.831373 0.835294 0.839216 0.843137 0.847059 0.850980 0.854902 0.858824 0.862745 0.866667 0.870588 0.874510 0.878431 0.882353 0.886275 0.890196 0.894118 0.898039 0.901961 0.905882 0.909804 0.913725 0.917647 0.921569 0.925490 0.929412 0.933333 0.937255 0.941176 0.945098 0.949020 0.952941 0.956863 0.960784 0.964706 0.968627 0.972549 0.976471 0.980392 0.984314 0.988235 0.992157 0.996078 1.000000))
(time 0)
(channel alpha)
(curve
    (curve-type smooth)
    (n-points 17)
    (points 34 0.000000 0.000000 -1.000000 -1.000000 -1.000000 -1.000000 -1.000000 -1.000000 -1.000000 -1.000000 -1.000000 -1.000000 -1.000000 -1.000000 -1.000000 -1.000000 -1.000000 -1.000000 -1.000000 -1.000000 -1.000000 -1.000000 -1.000000 -1.000000 -1.000000 -1.000000 -1.000000 -1.000000 -1.000000 -1.000000 -1.000000 -1.000000 1.000000 1.000000)
    (n-samples 256)
    (samples 256 0.000000 0.003922 0.007843 0.011765 0.015686 0.019608 0.023529 0.027451 0.031373 0.035294 0.039216 0.043137 0.047059 0.050980 0.054902 0.058824 0.062745 0.066667 0.070588 0.074510 0.078431 0.082353 0.086275 0.090196 0.094118 0.098039 0.101961 0.105882 0.109804 0.113725 0.117647 0.121569 0.125490 0.129412 0.133333 0.137255 0.141176 0.145098 0.149020 0.152941 0.156863 0.160784 0.164706 0.168627 0.172549 0.176471 0.180392 0.184314 0.188235 0.192157 0.196078 0.200000 0.203922 0.207843 0.211765 0.215686 0.219608 0.223529 0.227451 0.231373 0.235294 0.239216 0.243137 0.247059 0.250980 0.254902 0.258824 0.262745 0.266667 0.270588 0.274510 0.278431 0.282353 0.286275 0.290196 0.294118 0.298039 0.301961 0.305882 0.309804 0.313725 0.317647 0.321569 0.325490 0.329412 0.333333 0.337255 0.341176 0.345098 0.349020 0.352941 0.356863 0.360784 0.364706 0.368627 0.372549 0.376471 0.380392 0.384314 0.388235 0.392157 0.396078 0.400000 0.403922 0.407843 0.411765 0.415686 0.419608 0.423529 0.427451 0.431373 0.435294 0.439216 0.443137 0.447059 0.450980 0.454902 0.458824 0.462745 0.466667 0.470588 0.474510 0.478431 0.482353 0.486275 0.490196 0.494118 0.498039 0.501961 0.505882 0.509804 0.513725 0.517647 0.521569 0.525490 0.529412 0.533333 0.537255 0.541176 0.545098 0.549020 0.552941 0.556863 0.560784 0.564706 0.568627 0.572549 0.576471 0.580392 0.584314 0.588235 0.592157 0.596078 0.600000 0.603922 0.607843 0.611765 0.615686 0.619608 0.623529 0.627451 0.631373 0.635294 0.639216 0.643137 0.647059 0.650980 0.654902 0.658824 0.662745 0.666667 0.670588 0.674510 0.678431 0.682353 0.686275 0.690196 0.694118 0.698039 0.701961 0.705882 0.709804 0.713725 0.717647 0.721569 0.725490 0.729412 0.733333 0.737255 0.741176 0.745098 0.749020 0.752941 0.756863 0.760784 0.764706 0.768627 0.772549 0.776471 0.780392 0.784314 0.788235 0.792157 0.796078 0.800000 0.803922 0.807843 0.811765 0.815686 0.819608 0.823529 0.827451 0.831373 0.835294 0.839216 0.843137 0.847059 0.850980 0.854902 0.858824 0.862745 0.866667 0.870588 0.874510 0.878431 0.882353 0.886275 0.890196 0.894118 0.898039 0.901961 0.905882 0.909804 0.913725 0.917647 0.921569 0.925490 0.929412 0.933333 0.937255 0.941176 0.945098 0.949020 0.952941 0.956863 0.960784 0.964706 0.968627 0.972549 0.976471 0.980392 0.984314 0.988235 0.992157 0.996078 1.000000))

# end of curves tool settings
